0, 0.17, 0.15, 0.02
150, 0.15, 0.14, 0.00
302, 0.15, 0.14, 0.01
453, 0.15, 0.14, 0.00
605, 0.15, 0.14, 0.00
756, 0.14, 0.15, -0.00
908, 0.15, 0.15, -0.00
1059, 0.15, 0.14, 0.00
1211, 0.15, 0.14, 0.00
1362, 0.15, 0.15, 0.00
1514, 0.15, 0.14, 0.00
1666, 0.15, 0.15, 0.00
1817, 0.15, 0.14, 0.00
1969, 0.15, 0.15, 0.00
2120, 0.15, 0.15, 0.00
2272, 0.15, 0.14, 0.00
2423, 0.02, 0.00, 0.02
2575, 0.04, 0.01, 0.03
2726, 0.05, 0.01, 0.04
2877, 0.05, 0.02, 0.03
3028, 0.05, 0.02, 0.03
3180, 0.05, 0.01, 0.03
3332, 0.05, 0.01, 0.04
3483, 0.06, 0.02, 0.04
3635, 0.05, 0.01, 0.03
3786, 0.04, 0.01, 0.03
3938, 0.05, 0.02, 0.03
4089, 0.05, 0.02, 0.03
4241, 0.04, 0.01, 0.03
4392, 0.05, 0.02, 0.03
4544, 0.06, 0.02, 0.04
4696, 0.05, 0.01, 0.04
4847, 0.05, 0.01, 0.04
4999, 0.05, 0.01, 0.03
5150, 0.05, 0.02, 0.02
5302, 0.06, 0.02, 0.04
5453, 0.05, 0.02, 0.03
5605, 0.06, 0.02, 0.03
5756, 0.05, 0.02, 0.03
5908, 0.05, 0.02, 0.02
6060, 0.04, 0.01, 0.03
6211, 0.05, 0.02, 0.03
6363, 0.05, 0.02, 0.03
6514, 0.05, 0.01, 0.04
6666, 0.05, 0.02, 0.03
6816, 0.05, 0.02, 0.03
6968, 0.05, 0.02, 0.03
7119, 0.04, 0.02, 0.02
7271, 0.05, 0.01, 0.04
7422, 0.05, 0.01, 0.04
7574, 0.05, 0.01, 0.04
7726, 0.05, 0.02, 0.03
7877, 0.05, 0.03, 0.02
8029, 0.06, 0.02, 0.03
8180, 0.05, 0.01, 0.04
8332, 0.06, 0.01, 0.04
8483, 0.05, 0.01, 0.04
8635, 0.05, 0.01, 0.04
8786, 0.05, 0.02, 0.03
8938, 0.05, 0.02, 0.03
9090, 0.05, 0.02, 0.03
9241, 0.01, 0.01, -0.00
9393, 0.05, 0.01, 0.04
9544, 0.06, 0.02, 0.04
9696, 0.05, 0.02, 0.03
9847, 0.06, 0.01, 0.05
9999, 0.05, 0.01, 0.03
10150, 0.05, 0.01, 0.04
10302, 0.05, 0.02, 0.03
10454, 0.05, 0.01, 0.04
10605, 0.05, 0.02, 0.03
10757, 0.05, 0.01, 0.04
10908, 0.06, 0.03, 0.03
11060, 0.05, 0.01, 0.04
11211, 0.05, 0.02, 0.02
11363, 0.05, 0.01, 0.04
11514, 0.05, 0.02, 0.03
11666, 0.05, 0.02, 0.03
11817, 0.05, 0.01, 0.04
11969, 0.06, 0.02, 0.04
12121, 0.05, 0.02, 0.03
12272, 0.06, 0.01, 0.05
12424, 0.05, 0.01, 0.04
12575, 0.05, 0.02, 0.03
12727, 0.06, 0.02, 0.03
12878, 0.09, 0.02, 0.07
13030, 0.06, 0.02, 0.04
13181, 0.05, 0.02, 0.03
13333, 0.06, 0.02, 0.03
13485, 0.05, 0.01, 0.04
13636, 0.05, 0.01, 0.04
13788, 0.06, 0.02, 0.04
13939, 0.04, 0.01, 0.03
14091, 0.05, 0.03, 0.02
14242, 0.05, 0.01, 0.03
14394, 0.11, 0.02, 0.09
14545, 0.05, 0.02, 0.03
14697, 0.05, 0.02, 0.03
14849, 0.06, 0.01, 0.04
15000, 0.05, 0.03, 0.02
15152, 0.06, 0.02, 0.04
15303, 0.05, 0.02, 0.03
15455, 0.06, 0.02, 0.04
15606, 0.05, 0.01, 0.04
15758, 0.05, 0.02, 0.03
15909, 0.05, 0.02, 0.03
16061, 0.05, 0.03, 0.02
16212, 0.06, 0.01, 0.04
16364, 0.05, 0.01, 0.04
16516, 0.05, 0.02, 0.03
16667, 0.05, 0.01, 0.04
16819, 0.05, 0.02, 0.03
16970, 0.06, 0.02, 0.04
17122, 0.06, 0.01, 0.04
17273, 0.05, 0.01, 0.03
17425, 0.05, 0.02, 0.03
17576, 0.05, 0.02, 0.03
17728, 0.05, 0.02, 0.03
17880, 0.05, 0.02, 0.03
18031, 0.06, 0.02, 0.04
18183, 0.06, 0.02, 0.03
18334, 0.05, 0.02, 0.03
18486, 0.05, 0.01, 0.03
18637, 0.05, 0.02, 0.03
18789, 0.05, 0.01, 0.04
18940, 0.05, 0.01, 0.04
19092, 0.05, 0.03, 0.02
19244, 0.05, 0.01, 0.04
19395, 0.05, 0.03, 0.02
19547, 0.05, 0.01, 0.03
19698, 0.05, 0.02, 0.03
19850, 0.05, 0.02, 0.03
20001, 0.05, 0.01, 0.04
20153, 0.05, 0.02, 0.03
20304, 0.05, 0.02, 0.02
20456, 0.03, 0.03, 0.00
20608, 0.05, 0.02, 0.02
20759, 0.05, 0.01, 0.03
20911, 0.06, 0.02, 0.04
21062, 0.06, 0.02, 0.03
21214, 0.05, 0.02, 0.03
21365, 0.06, 0.01, 0.05
21517, 0.06, 0.02, 0.03
21668, 0.05, 0.01, 0.03
21820, 0.06, 0.02, 0.03
21971, 0.06, 0.03, 0.03
22123, 0.05, 0.02, 0.03
22275, 0.06, 0.02, 0.03
22426, 0.05, 0.02, 0.03
22578, 0.06, 0.03, 0.03
22729, 0.05, 0.01, 0.04
22881, 0.06, 0.02, 0.03
23032, 0.05, 0.02, 0.03
23184, 0.05, 0.01, 0.04
23335, 0.06, 0.01, 0.04
23487, 0.05, 0.02, 0.02
23639, 0.06, 0.02, 0.04
23790, 0.05, 0.02, 0.03
23942, 0.06, 0.01, 0.04
24093, 0.06, 0.01, 0.04
24245, 0.05, 0.01, 0.04
24396, 0.06, 0.02, 0.04
24548, 0.05, 0.01, 0.04
24699, 0.05, 0.02, 0.03
24851, 0.06, 0.01, 0.05
25003, 0.05, 0.02, 0.03
25154, 0.05, 0.01, 0.03
25306, 0.06, 0.01, 0.04
25457, 0.05, 0.01, 0.04
25609, 0.05, 0.02, 0.03
25760, 0.06, 0.02, 0.04
25912, 0.05, 0.02, 0.03
26063, 0.06, 0.02, 0.04
26215, 0.05, 0.02, 0.03
26366, 0.02, 0.03, -0.00
26518, 0.06, 0.02, 0.04
26670, 0.05, 0.02, 0.02
26821, 0.06, 0.02, 0.04
26973, 0.06, 0.02, 0.03
27124, 0.06, 0.02, 0.03
27276, 0.06, 0.02, 0.04
27427, 0.05, 0.01, 0.04
27579, 0.06, 0.02, 0.04
27730, 0.05, 0.03, 0.02
27882, 0.06, 0.02, 0.04
28034, 0.06, 0.02, 0.04
28185, 0.06, 0.01, 0.04
28337, 0.05, 0.02, 0.03
28488, 0.06, 0.02, 0.03
28640, 0.05, 0.02, 0.03
28791, 0.05, 0.01, 0.04
28943, 0.06, 0.02, 0.03
29094, 0.06, 0.02, 0.04
29246, 0.05, 0.02, 0.02
29398, 0.06, 0.03, 0.03
29549, 0.05, 0.02, 0.03
29701, 0.06, 0.01, 0.04
29852, 0.05, 0.01, 0.04
30004, 0.06, 0.02, 0.03
30155, 0.06, 0.02, 0.04
30307, 0.05, 0.02, 0.03
30458, 0.06, 0.02, 0.03
30610, 0.06, 0.02, 0.03
30761, 0.05, 0.02, 0.03
30913, 0.05, 0.02, 0.03
31065, 0.05, 0.02, 0.03
31216, 0.06, 0.02, 0.04
31368, 0.05, 0.02, 0.03
31519, 0.07, 0.01, 0.06
31671, 0.05, 0.01, 0.04
31822, 0.05, 0.02, 0.03
31974, 0.06, 0.01, 0.04
32125, 0.04, 0.02, 0.02
32277, 0.05, 0.02, 0.03
32429, 0.05, 0.02, 0.03
32580, 0.05, 0.02, 0.03
32732, 0.05, 0.01, 0.03
32883, 0.05, 0.01, 0.04
33035, 0.06, 0.02, 0.04
33186, 0.05, 0.02, 0.03
33338, 0.05, 0.02, 0.03
33489, 0.05, 0.02, 0.03
33641, 0.05, 0.01, 0.04
33793, 0.05, 0.02, 0.03
33944, 0.05, 0.02, 0.03
34096, 0.05, 0.01, 0.04
34247, 0.06, 0.02, 0.04
34399, 0.05, 0.02, 0.03
34550, 0.06, 0.02, 0.04
34702, 0.06, 0.01, 0.04
34853, 0.06, 0.02, 0.04
35005, 0.06, 0.02, 0.03
35156, 0.05, 0.01, 0.04
35308, 0.05, 0.02, 0.03
35460, 0.06, 0.02, 0.04
35611, 0.05, 0.02, 0.03
35763, 0.05, 0.02, 0.03
35914, 0.05, 0.02, 0.03
36066, 0.06, 0.02, 0.03
36217, 0.05, 0.02, 0.03
36369, 0.05, 0.02, 0.03
36520, 0.06, 0.02, 0.04
36672, 0.05, 0.02, 0.03
36824, 0.05, 0.02, 0.03
36975, 0.05, 0.01, 0.04
37127, 0.06, 0.02, 0.03
37278, 0.05, 0.01, 0.04
37430, 0.06, 0.02, 0.04
37581, 0.06, 0.02, 0.03
37733, 0.06, 0.01, 0.04
37884, 0.05, 0.03, 0.02
38036, 0.05, 0.01, 0.04
38188, 0.05, 0.02, 0.03
38339, 0.06, 0.01, 0.04
38491, 0.06, 0.01, 0.04
38642, 0.06, 0.02, 0.04
38794, 0.06, 0.01, 0.04
38945, 0.05, 0.02, 0.03
39097, 0.05, 0.01, 0.04
39248, 0.05, 0.01, 0.04
39400, 0.05, 0.01, 0.04
39552, 0.05, 0.02, 0.03
39703, 0.06, 0.02, 0.04
39855, 0.05, 0.02, 0.03
40006, 0.05, 0.01, 0.03
40158, 0.06, 0.01, 0.04
40309, 0.06, 0.02, 0.03
40461, 0.05, 0.01, 0.04
40612, 0.05, 0.01, 0.03
40764, 0.06, 0.02, 0.04
40915, 0.05, 0.03, 0.02
41067, 0.06, 0.02, 0.04
41219, 0.05, 0.01, 0.03
41370, 0.05, 0.02, 0.03
41522, 0.05, 0.03, 0.02
41673, 0.05, 0.01, 0.03
41825, 0.05, 0.03, 0.02
41976, 0.05, 0.01, 0.04
42128, 0.05, 0.03, 0.02
42279, 0.05, 0.01, 0.04
42431, 0.05, 0.02, 0.03
42583, 0.05, 0.02, 0.03
42734, 0.05, 0.01, 0.03
42886, 0.05, 0.02, 0.03
43037, 0.05, 0.02, 0.02
43189, 0.05, 0.02, 0.03
43340, 0.05, 0.02, 0.02
43492, 0.05, 0.01, 0.04
43643, 0.06, 0.02, 0.04
43795, 0.06, 0.02, 0.04
43947, 0.05, 0.03, 0.02
44098, 0.05, 0.01, 0.04
44250, 0.06, 0.02, 0.04
44401, 0.05, 0.01, 0.03
44553, 0.05, 0.01, 0.04
44704, 0.05, 0.02, 0.03
44856, 0.05, 0.01, 0.03
45007, 0.05, 0.03, 0.02
45159, 0.05, 0.01, 0.04
45310, 0.05, 0.02, 0.03
45462, 0.05, 0.02, 0.03
45614, 0.05, 0.02, 0.03
45765, 0.05, 0.02, 0.03
45917, 0.06, 0.02, 0.04
46068, 0.05, 0.02, 0.03
46220, 0.05, 0.02, 0.03
46371, 0.06, 0.02, 0.04
46523, 0.05, 0.01, 0.04
46674, 0.05, 0.01, 0.04
46826, 0.05, 0.02, 0.03
46978, 0.05, 0.01, 0.04
47129, 0.06, 0.02, 0.04
47281, 0.05, 0.00, 0.04
47432, 0.05, 0.02, 0.03
47584, 0.05, 0.01, 0.04
47735, 0.05, 0.02, 0.03
47887, 0.06, 0.02, 0.03
48038, 0.05, 0.01, 0.04
48190, 0.06, 0.02, 0.03
48342, 0.05, 0.02, 0.03
48493, 0.05, 0.03, 0.02
48645, 0.05, 0.01, 0.04
48796, 0.05, 0.02, 0.02
48948, 0.05, 0.02, 0.03
49099, 0.05, 0.02, 0.03
49251, 0.05, 0.01, 0.04
49402, 0.06, 0.01, 0.05
49554, 0.05, 0.02, 0.03
49705, 0.05, 0.02, 0.03
49857, 0.05, 0.02, 0.03
50009, 0.04, 0.02, 0.02
50160, 0.05, 0.03, 0.02
50312, 0.05, 0.01, 0.04
50463, 0.05, 0.02, 0.03
50615, 0.05, 0.02, 0.03
50766, 0.05, 0.02, 0.03
50918, 0.05, 0.02, 0.03
51069, 0.06, 0.02, 0.03
51221, 0.05, 0.00, 0.04
51373, 0.06, 0.02, 0.03
51524, 0.05, 0.02, 0.03
51676, 0.05, 0.02, 0.03
51827, 0.06, 0.02, 0.04
51979, 0.06, 0.02, 0.04
52130, 0.06, 0.02, 0.03
52282, 0.05, 0.01, 0.04
52433, 0.05, 0.01, 0.04
52585, 0.05, 0.02, 0.03
52737, 0.06, 0.02, 0.04
52888, 0.05, 0.01, 0.04
53040, 0.06, 0.01, 0.05
53191, 0.05, 0.01, 0.03
53343, 0.05, 0.02, 0.03
53494, 0.05, 0.01, 0.04
53646, 0.05, 0.02, 0.03
53797, 0.05, 0.01, 0.04
53949, 0.05, 0.02, 0.03
54100, 0.05, 0.02, 0.03
54252, 0.05, 0.02, 0.03
54404, 0.05, 0.01, 0.04
54555, 0.05, 0.02, 0.03
54707, 0.05, 0.02, 0.03
54858, 0.05, 0.02, 0.03
55010, 0.06, 0.02, 0.04
55161, 0.06, 0.02, 0.03
55313, 0.05, 0.01, 0.04
55464, 0.06, 0.02, 0.04
55616, 0.06, 0.02, 0.04
55768, 0.06, 0.01, 0.05
55919, 0.05, 0.01, 0.04
56071, 0.06, 0.01, 0.04
56222, 0.06, 0.02, 0.04
56374, 0.05, 0.01, 0.04
56525, 0.05, 0.02, 0.03
56677, 0.06, 0.01, 0.04
56828, 0.05, 0.02, 0.03
56980, 0.06, 0.02, 0.04
57132, 0.05, 0.01, 0.03
57284, 0.05, 0.01, 0.03
57436, 0.06, 0.02, 0.04
57587, 0.06, 0.02, 0.03
57739, 0.04, 0.02, 0.02
57890, 0.05, 0.02, 0.03
58042, 0.06, 0.01, 0.05
58193, 0.06, 0.02, 0.04
58345, 0.06, 0.01, 0.05
58497, 0.05, 0.02, 0.03
58648, 0.06, 0.02, 0.04
58800, 0.06, 0.02, 0.03
58951, 0.06, 0.02, 0.04
59103, 0.05, 0.02, 0.03
59254, 0.05, 0.01, 0.04
59406, 0.05, 0.01, 0.04
59557, 0.05, 0.02, 0.03
59709, 0.05, 0.01, 0.04
59860, 0.06, 0.02, 0.03
60012, 0.05, 0.01, 0.03
60164, 0.06, 0.02, 0.04
60315, 0.06, 0.02, 0.04
60467, 0.05, 0.01, 0.04
60618, 0.05, 0.02, 0.03
60770, 0.06, 0.01, 0.04
60921, 0.06, 0.02, 0.04
61073, 0.05, 0.02, 0.03
61224, 0.06, 0.02, 0.03
61376, 0.04, 0.02, 0.02
61528, 0.06, 0.02, 0.04
61679, 0.04, 0.01, 0.03
61831, 0.05, 0.02, 0.03
61982, 0.07, 0.02, 0.05
62134, 0.06, 0.02, 0.03
62285, 0.06, 0.02, 0.04
62437, 0.06, 0.02, 0.04
62588, 0.06, 0.02, 0.03
62740, 0.05, 0.02, 0.03
62892, 0.06, 0.02, 0.04
63043, 0.05, 0.01, 0.03
63195, 0.06, 0.02, 0.04
63346, 0.07, 0.02, 0.04
63498, 0.05, 0.01, 0.04
63649, 0.05, 0.02, 0.03
63801, 0.05, 0.01, 0.03
63952, 0.06, 0.04, 0.02
64104, 0.05, 0.01, 0.04
64256, 0.04, 0.02, 0.02
64407, 0.06, 0.02, 0.04
64559, 0.06, 0.02, 0.04
64710, 0.06, 0.01, 0.05
64862, 0.05, 0.02, 0.03
65013, 0.06, 0.02, 0.04
65165, 0.06, 0.02, 0.04
65316, 0.06, 0.01, 0.05
65468, 0.06, 0.02, 0.04
65619, 0.06, 0.02, 0.04
65771, 0.05, 0.02, 0.03
65923, 0.06, 0.02, 0.04
66074, 0.06, 0.02, 0.03
66226, 0.06, 0.01, 0.04
66377, 0.06, 0.03, 0.03
66529, 0.06, 0.02, 0.04
66680, 0.04, 0.01, 0.03
66832, 0.06, 0.02, 0.04
66983, 0.05, 0.01, 0.03
67135, 0.05, 0.02, 0.03
67287, 0.05, 0.01, 0.03
67438, 0.06, 0.02, 0.04
67590, 0.05, 0.03, 0.02
67741, 0.05, 0.00, 0.05
67893, 0.05, 0.02, 0.02
68044, 0.05, 0.02, 0.02
68196, 0.06, 0.02, 0.04
68347, 0.06, 0.01, 0.05
68499, 0.06, 0.01, 0.05
68651, 0.05, 0.02, 0.03
68802, 0.06, 0.02, 0.04
68954, 0.05, 0.02, 0.03
69105, 0.05, 0.02, 0.03
69257, 0.05, 0.01, 0.04
69408, 0.06, 0.02, 0.04
69560, 0.05, 0.02, 0.03
69711, 0.05, 0.03, 0.02
69863, 0.04, 0.01, 0.03
70014, 0.05, 0.01, 0.04
70166, 0.05, 0.01, 0.04
70318, 0.06, 0.02, 0.03
70469, 0.05, 0.01, 0.04
70621, 0.06, 0.02, 0.04
70772, 0.06, 0.02, 0.03
70924, 0.06, 0.02, 0.04
71075, 0.05, 0.01, 0.04
71227, 0.05, 0.02, 0.03
71378, 0.06, 0.02, 0.04
71530, 0.05, 0.02, 0.03
71682, 0.05, 0.02, 0.03
71833, 0.06, 0.02, 0.03
71985, 0.05, 0.00, 0.05
72136, 0.06, 0.02, 0.04
72288, 0.05, 0.02, 0.03
72439, 0.06, 0.02, 0.04
72591, 0.05, 0.02, 0.03
72742, 0.05, 0.01, 0.04
72894, 0.06, 0.03, 0.03
73046, 0.06, 0.00, 0.06
73197, 0.06, 0.02, 0.03
73349, 0.05, 0.02, 0.03
73500, 0.05, 0.01, 0.04
73652, 0.06, 0.03, 0.03
73803, 0.05, 0.02, 0.03
73955, 0.06, 0.01, 0.04
74106, 0.05, 0.02, 0.03
74258, 0.06, 0.02, 0.04
74409, 0.05, 0.02, 0.03
74561, 0.05, 0.00, 0.05
74713, 0.05, 0.03, 0.02
74864, 0.05, 0.01, 0.04
75016, 0.06, 0.01, 0.04
75167, 0.05, 0.01, 0.04
75319, 0.05, 0.01, 0.04
75470, 0.06, 0.02, 0.04
75622, 0.05, 0.02, 0.03
75773, 0.06, 0.02, 0.04
75925, 0.05, 0.01, 0.04
76077, 0.05, 0.02, 0.03
76228, 0.05, 0.03, 0.02
76380, 0.05, 0.02, 0.02
76531, 0.06, 0.02, 0.03
76683, 0.06, 0.02, 0.04
76834, 0.06, 0.02, 0.03
76986, 0.06, 0.01, 0.04
77137, 0.06, 0.02, 0.04
77289, 0.06, 0.01, 0.04
77441, 0.05, 0.01, 0.04
77592, 0.06, 0.02, 0.04
77744, 0.06, 0.01, 0.04
77895, 0.06, 0.02, 0.04
78047, 0.06, 0.03, 0.03
78198, 0.05, 0.02, 0.03
78350, 0.04, 0.02, 0.02
78501, 0.05, 0.02, 0.03
78653, 0.06, 0.02, 0.04
78804, 0.06, 0.01, 0.05
78956, 0.05, 0.01, 0.04
79108, 0.06, 0.03, 0.02
79259, 0.06, 0.02, 0.04
79411, 0.06, 0.02, 0.04
79562, 0.05, 0.01, 0.04
79714, 0.05, 0.01, 0.04
79865, 0.06, 0.02, 0.04
80017, 0.05, 0.02, 0.03
80168, 0.05, 0.02, 0.03
80320, 0.06, 0.02, 0.04
80472, 0.05, 0.02, 0.03
80623, 0.06, 0.02, 0.04
80775, 0.06, 0.03, 0.03
80926, 0.05, 0.01, 0.04
81078, 0.05, 0.00, 0.05
81229, 0.06, 0.02, 0.04
81381, 0.06, 0.02, 0.03
81532, 0.05, 0.02, 0.02
81684, 0.06, 0.02, 0.03
81836, 0.07, 0.03, 0.04
81987, 0.05, 0.02, 0.03
82139, 0.06, 0.01, 0.04
82290, 0.05, 0.01, 0.04
82442, 0.05, 0.02, 0.03
82593, 0.05, 0.01, 0.04
82745, 0.06, 0.02, 0.04
82896, 0.06, 0.01, 0.04
83048, 0.05, 0.01, 0.04
83200, 0.06, 0.02, 0.04
83351, 0.05, 0.01, 0.04
83503, 0.05, 0.02, 0.03
83654, 0.05, 0.01, 0.04
83806, 0.05, 0.02, 0.03
83957, 0.06, 0.02, 0.04
84109, 0.05, 0.02, 0.03
84260, 0.05, 0.01, 0.04
84412, 0.05, 0.02, 0.03
84563, 0.06, 0.01, 0.04
84715, 0.06, 0.02, 0.04
84867, 0.06, 0.01, 0.04
85018, 0.05, 0.02, 0.03
85170, 0.05, 0.01, 0.04
85321, 0.05, 0.01, 0.04
85473, 0.05, 0.01, 0.04
85624, 0.05, 0.01, 0.03
85776, 0.06, 0.02, 0.04
85927, 0.05, 0.01, 0.04
86079, 0.05, 0.02, 0.03
86231, 0.04, 0.01, 0.03
86382, 0.04, 0.02, 0.02
86534, 0.05, 0.01, 0.04
86685, 0.05, 0.02, 0.03
86837, 0.05, 0.02, 0.03
86988, 0.05, 0.02, 0.02
87140, 0.05, 0.03, 0.02
87291, 0.05, 0.01, 0.04
87443, 0.05, 0.02, 0.03
87595, 0.05, 0.02, 0.03
87746, 0.06, 0.02, 0.03
87898, 0.05, 0.02, 0.03
88049, 0.05, 0.01, 0.03
88201, 0.06, 0.01, 0.04
88352, 0.05, 0.01, 0.03
88504, 0.06, 0.01, 0.04
88655, 0.07, 0.01, 0.06
88807, 0.05, 0.01, 0.04
88958, 0.06, 0.02, 0.04
89110, 0.06, 0.01, 0.05
89262, 0.06, 0.02, 0.04
89413, 0.06, 0.01, 0.04
89565, 0.06, 0.02, 0.04
89716, 0.06, 0.02, 0.03
89868, 0.06, 0.02, 0.04
90019, 0.04, 0.02, 0.02
90171, 0.05, 0.01, 0.04
90322, 0.05, 0.02, 0.03
90474, 0.05, 0.03, 0.02
90626, 0.06, 0.02, 0.04
90777, 0.06, 0.01, 0.04
90929, 0.05, 0.02, 0.03
91080, 0.06, 0.02, 0.03
91232, 0.05, 0.01, 0.04
91383, 0.05, 0.03, 0.02
91535, 0.05, 0.02, 0.03
91686, 0.05, 0.02, 0.03
91838, 0.06, 0.02, 0.04
91990, 0.06, 0.02, 0.04
92141, 0.05, 0.01, 0.04
92293, 0.05, 0.03, 0.02
92444, 0.06, 0.02, 0.03
92596, 0.06, 0.02, 0.04
92747, 0.05, 0.01, 0.04
92899, 0.05, 0.02, 0.03
93050, 0.05, 0.01, 0.04
93202, 0.06, 0.02, 0.04
93353, 0.05, 0.01, 0.03
93505, 0.06, 0.02, 0.04
93657, 0.06, 0.01, 0.05
93808, 0.06, 0.01, 0.04
93960, 0.05, 0.01, 0.03
94111, 0.06, 0.02, 0.04
94263, 0.05, 0.01, 0.04
94414, 0.04, 0.01, 0.03
94566, 0.05, 0.01, 0.04
94717, 0.05, 0.01, 0.03
94869, 0.06, 0.02, 0.04
95021, 0.05, 0.02, 0.03
95172, 0.05, 0.02, 0.03
95324, 0.06, 0.01, 0.04
95475, 0.05, 0.01, 0.04
95627, 0.05, 0.01, 0.04
95778, 0.05, 0.01, 0.04
95930, 0.06, 0.02, 0.04
96081, 0.06, 0.02, 0.04
96233, 0.06, 0.01, 0.05
96385, 0.04, 0.02, 0.02
96536, 0.05, 0.01, 0.04
96688, 0.06, 0.02, 0.04
96839, 0.05, 0.01, 0.04
96991, 0.05, 0.02, 0.03
97142, 0.06, 0.02, 0.04
97294, 0.05, 0.01, 0.04
97445, 0.05, 0.02, 0.03
97597, 0.06, 0.01, 0.05
97748, 0.05, 0.01, 0.04
97900, 0.06, 0.02, 0.03
98052, 0.05, 0.01, 0.04
98203, 0.05, 0.02, 0.03
98355, 0.05, 0.01, 0.04
98506, 0.05, 0.01, 0.04
98658, 0.06, 0.02, 0.04
98809, 0.05, 0.01, 0.04
98961, 0.06, 0.02, 0.04
99112, 0.05, 0.01, 0.04
99264, 0.05, 0.02, 0.03
99416, 0.05, 0.01, 0.04
99567, 0.05, 0.02, 0.03
99719, 0.05, 0.02, 0.03
99870, 0.05, 0.01, 0.03
100022, 0.06, 0.01, 0.04
100173, 0.05, 0.02, 0.03
100326, 0.06, 0.02, 0.03
100477, 0.06, 0.02, 0.04
100629, 0.05, 0.02, 0.03
100781, 0.05, 0.02, 0.03
100932, 0.05, 0.01, 0.04
101084, 0.05, 0.02, 0.03
101235, 0.06, 0.02, 0.04
101387, 0.05, 0.01, 0.04
101538, 0.05, 0.01, 0.04
101690, 0.06, 0.01, 0.05
101841, 0.05, 0.01, 0.03
101993, 0.06, 0.01, 0.04
102145, 0.05, 0.02, 0.03
102296, 0.05, 0.03, 0.02
102448, 0.05, 0.02, 0.03
102599, 0.05, 0.02, 0.03
102751, 0.05, 0.01, 0.04
102902, 0.05, 0.01, 0.04
103054, 0.06, 0.02, 0.04
103205, 0.05, 0.02, 0.03
103357, 0.06, 0.02, 0.03
103510, 0.05, 0.02, 0.03
103661, 0.05, 0.01, 0.03
103813, 0.05, 0.02, 0.03
103964, 0.05, 0.01, 0.03
104116, 0.05, 0.01, 0.04
104267, 0.05, 0.01, 0.03
104419, 0.05, 0.01, 0.04
104570, 0.04, 0.01, 0.03
104722, 0.06, 0.02, 0.03
104873, 0.06, 0.01, 0.04
105025, 0.06, 0.01, 0.05
105177, 0.07, 0.01, 0.05
105328, 0.05, 0.01, 0.04
105480, 0.05, 0.01, 0.03
105631, 0.06, 0.01, 0.05
105783, 0.05, 0.01, 0.03
105934, 0.05, 0.02, 0.03
106086, 0.04, 0.01, 0.03
106237, 0.06, 0.03, 0.03
106389, 0.05, 0.01, 0.03
106541, 0.05, 0.02, 0.03
106693, 0.05, 0.02, 0.03
106845, 0.06, 0.02, 0.04
106996, 0.06, 0.02, 0.04
107148, 0.04, 0.01, 0.03
107299, 0.06, 0.02, 0.04
107451, 0.05, 0.02, 0.03
107602, 0.05, 0.00, 0.05
107754, 0.07, 0.01, 0.05
107906, 0.05, 0.01, 0.04
108057, 0.05, 0.01, 0.04
108209, 0.05, 0.02, 0.03
108360, 0.05, 0.01, 0.04
108512, 0.06, 0.01, 0.05
108663, 0.06, 0.02, 0.04
108815, 0.06, 0.02, 0.04
108966, 0.05, 0.01, 0.04
109118, 0.05, 0.02, 0.02
109270, 0.05, 0.02, 0.03
109421, 0.06, 0.01, 0.04
109573, 0.05, 0.02, 0.03
109725, 0.06, 0.02, 0.04
109877, 0.05, 0.02, 0.03
110028, 0.05, 0.01, 0.04
110180, 0.05, 0.02, 0.03
110331, 0.05, 0.01, 0.04
110483, 0.06, 0.02, 0.04
110635, 0.06, 0.02, 0.04
110786, 0.06, 0.01, 0.05
110938, 0.05, 0.02, 0.03
111089, 0.05, 0.02, 0.03
111241, 0.05, 0.02, 0.03
111392, 0.05, 0.01, 0.03
111544, 0.06, 0.02, 0.04
111695, 0.05, 0.02, 0.03
111847, 0.05, 0.01, 0.03
111998, 0.06, 0.02, 0.03
112150, 0.06, 0.02, 0.04
112302, 0.06, 0.01, 0.04
112453, 0.06, 0.02, 0.03
112605, 0.05, 0.01, 0.04
112756, 0.04, 0.01, 0.03
112909, 0.06, 0.02, 0.04
113060, 0.05, 0.01, 0.04
113212, 0.04, 0.02, 0.02
113363, 0.06, 0.03, 0.03
113515, 0.06, 0.02, 0.03
113667, 0.05, 0.03, 0.02
113818, 0.05, 0.01, 0.04
113970, 0.05, 0.02, 0.03
114121, 0.06, 0.01, 0.04
114273, 0.05, 0.01, 0.04
114424, 0.06, 0.02, 0.04
114576, 0.06, 0.02, 0.03
114727, 0.05, 0.02, 0.03
114879, 0.05, 0.01, 0.04
115031, 0.05, 0.04, 0.01
115182, 0.06, 0.01, 0.04
115334, 0.06, 0.02, 0.03
115485, 0.05, 0.01, 0.04
115637, 0.06, 0.02, 0.03
115788, 0.06, 0.03, 0.03
115941, 0.06, 0.01, 0.05
116092, 0.07, 0.02, 0.05
116244, 0.05, 0.03, 0.02
116396, 0.06, 0.02, 0.04
116547, 0.05, 0.01, 0.04
116699, 0.05, 0.01, 0.03
116850, 0.05, 0.01, 0.04
117002, 0.05, 0.02, 0.03
117153, 0.05, 0.01, 0.04
117305, 0.05, 0.03, 0.02
117456, 0.05, 0.01, 0.03
117608, 0.06, 0.02, 0.04
117760, 0.06, 0.02, 0.04
117911, 0.05, 0.01, 0.04
118063, 0.05, 0.02, 0.03
118214, 0.05, 0.04, 0.01
118366, 0.06, 0.02, 0.04
118517, 0.04, 0.01, 0.03
118669, 0.06, 0.01, 0.04
118820, 0.06, 0.04, 0.02
118972, 0.04, 0.01, 0.03
119124, 0.06, 0.02, 0.04
119276, 0.06, 0.01, 0.04
119428, 0.05, 0.01, 0.04
119579, 0.05, 0.02, 0.03
119731, 0.06, 0.01, 0.04
119882, 0.05, 0.02, 0.03
120034, 0.06, 0.02, 0.04
120185, 0.06, 0.03, 0.03
120337, 0.06, 0.01, 0.04
120488, 0.05, 0.02, 0.03
120640, 0.05, 0.01, 0.04
120792, 0.06, 0.02, 0.04
120943, 0.06, 0.02, 0.04
121095, 0.06, 0.01, 0.05
121246, 0.06, 0.01, 0.05
121398, 0.05, 0.02, 0.03
121549, 0.06, 0.02, 0.04
121701, 0.06, 0.02, 0.04
121852, 0.05, 0.01, 0.04
122004, 0.05, 0.02, 0.03
122156, 0.05, 0.01, 0.04
122308, 0.06, 0.02, 0.04
122460, 0.05, 0.00, 0.05
122611, 0.05, 0.02, 0.03
122763, 0.05, 0.02, 0.02
122914, 0.06, 0.02, 0.04
123066, 0.06, 0.03, 0.03
123217, 0.05, 0.01, 0.04
123369, 0.06, 0.02, 0.04
123521, 0.04, 0.01, 0.03
123672, 0.06, 0.01, 0.04
123824, 0.06, 0.01, 0.05
123975, 0.05, 0.01, 0.04
124127, 0.06, 0.02, 0.04
124278, 0.06, 0.02, 0.04
124430, 0.06, 0.02, 0.04
124581, 0.06, 0.02, 0.04
124733, 0.05, 0.02, 0.03
124884, 0.07, 0.01, 0.05
125036, 0.05, 0.02, 0.03
125188, 0.05, 0.01, 0.04
125339, 0.05, 0.01, 0.04
125492, 0.06, 0.02, 0.04
125643, 0.05, 0.02, 0.02
125795, 0.06, 0.03, 0.03
125946, 0.06, 0.02, 0.03
126098, 0.06, 0.02, 0.04
126249, 0.06, 0.01, 0.04
126401, 0.05, 0.01, 0.04
126553, 0.06, 0.02, 0.04
126704, 0.05, 0.01, 0.04
126856, 0.05, 0.02, 0.03
127007, 0.06, 0.02, 0.03
127159, 0.06, 0.01, 0.05
127310, 0.05, 0.02, 0.03
127462, 0.06, 0.02, 0.03
127613, 0.07, 0.01, 0.05
127765, 0.05, 0.02, 0.03
127917, 0.07, 0.01, 0.05
128068, 0.07, 0.03, 0.04
128220, 0.05, 0.02, 0.03
128371, 0.06, 0.03, 0.03
128523, 0.06, 0.02, 0.04
128675, 0.05, 0.02, 0.03
128827, 0.06, 0.03, 0.03
128978, 0.06, 0.01, 0.04
129130, 0.06, 0.02, 0.04
129282, 0.06, 0.02, 0.04
129433, 0.06, 0.04, 0.02
129585, 0.06, 0.03, 0.03
129736, 0.06, 0.02, 0.03
129888, 0.06, 0.01, 0.05
130039, 0.06, 0.02, 0.04
130191, 0.07, 0.02, 0.05
130342, 0.07, 0.03, 0.04
130494, 0.15, 0.13, 0.01
130646, 0.15, 0.15, 0.00
130797, 0.15, 0.14, 0.01
130949, 0.15, 0.14, 0.01
131100, 0.15, 0.13, 0.01
