0, 0.16, 0.13, 0.03
101, 0.15, 0.16, -0.01
202, 0.13, 0.17, -0.04
304, 0.15, 0.17, -0.02
406, 0.13, 0.16, -0.03
507, 0.15, 0.18, -0.03
609, 0.14, 0.12, 0.02
710, 0.15, 0.13, 0.01
812, 0.14, 0.15, -0.00
914, 0.14, 0.13, 0.00
1015, 0.15, 0.12, 0.03
1117, 0.14, 0.14, -0.00
1218, 0.15, 0.15, 0.00
1320, 0.13, 0.15, -0.02
1422, 0.14, 0.15, -0.01
1523, 0.03, 0.01, 0.02
1625, 0.06, 0.02, 0.03
1727, 0.05, 0.02, 0.03
1828, 0.05, 0.01, 0.04
1930, 0.04, 0.02, 0.02
2031, 0.05, 0.00, 0.05
2132, 0.04, 0.00, 0.04
2235, 0.06, 0.01, 0.04
2336, 0.06, 0.03, 0.02
2438, 0.05, 0.01, 0.04
2539, 0.03, 0.03, 0.00
2641, 0.06, 0.04, 0.02
2743, 0.04, 0.02, 0.02
2844, 0.05, 0.04, 0.01
2946, 0.05, 0.03, 0.01
3048, 0.05, 0.03, 0.02
3149, 0.05, 0.03, 0.02
3251, 0.06, 0.01, 0.04
3352, 0.04, 0.03, 0.01
3453, 0.05, 0.02, 0.02
3556, 0.05, 0.03, 0.02
3657, 0.05, 0.03, 0.02
3759, 0.05, 0.04, 0.01
3860, 0.05, 0.02, 0.02
3962, 0.05, 0.01, 0.04
4064, 0.05, 0.02, 0.03
4165, 0.05, 0.02, 0.02
4267, 0.05, 0.01, 0.03
4369, 0.05, 0.03, 0.02
4470, 0.04, 0.03, 0.01
4572, 0.06, 0.02, 0.03
4673, 0.05, 0.02, 0.02
4774, 0.05, 0.03, 0.02
4877, 0.05, 0.03, 0.02
4978, 0.06, 0.02, 0.03
5080, 0.05, 0.02, 0.02
5181, 0.05, 0.01, 0.04
5283, 0.05, 0.03, 0.02
5385, 0.05, 0.01, 0.04
5486, 0.05, 0.02, 0.03
5587, 0.05, 0.03, 0.02
5690, 0.06, 0.03, 0.03
5791, 0.05, 0.01, 0.04
5893, 0.06, 0.02, 0.03
5994, 0.05, 0.02, 0.02
6095, 0.04, 0.03, 0.01
6198, 0.05, 0.03, 0.02
6299, 0.05, 0.03, 0.02
6401, 0.05, 0.02, 0.03
6502, 0.05, 0.01, 0.04
6604, 0.05, 0.01, 0.03
6706, 0.05, 0.02, 0.03
6807, 0.05, 0.02, 0.03
6908, 0.05, 0.03, 0.02
7011, 0.05, 0.03, 0.02
7112, 0.04, 0.01, 0.03
7214, 0.05, 0.03, 0.02
7315, 0.05, 0.02, 0.02
7416, 0.06, 0.01, 0.04
7519, 0.05, 0.01, 0.04
7620, 0.05, 0.01, 0.04
7721, 0.05, 0.01, 0.04
7823, 0.05, 0.02, 0.03
7925, 0.04, 0.01, 0.03
8027, 0.05, 0.04, 0.01
8128, 0.05, 0.02, 0.02
8229, 0.05, 0.02, 0.03
8332, 0.05, 0.03, 0.02
8433, 0.05, 0.02, 0.03
8535, 0.05, 0.03, 0.02
8636, 0.04, 0.02, 0.02
8737, 0.05, 0.02, 0.03
8840, 0.04, 0.03, 0.01
8941, 0.05, 0.01, 0.03
9042, 0.05, 0.02, 0.03
9144, 0.05, 0.02, 0.03
9246, 0.04, 0.03, 0.01
9348, 0.05, 0.02, 0.03
9449, 0.06, 0.04, 0.02
9550, 0.05, 0.02, 0.02
9653, 0.04, 0.02, 0.02
9754, 0.05, 0.02, 0.03
9856, 0.04, 0.03, 0.01
9957, 0.06, 0.00, 0.05
10059, 0.05, 0.02, 0.03
10161, 0.04, 0.00, 0.04
10262, 0.05, 0.03, 0.02
10363, 0.04, 0.02, 0.02
10466, 0.05, 0.03, 0.02
10567, 0.05, 0.03, 0.02
10669, 0.05, 0.02, 0.03
10770, 0.06, 0.02, 0.03
10872, 0.05, 0.02, 0.03
10974, 0.05, 0.02, 0.03
11075, 0.05, 0.02, 0.03
11177, 0.05, 0.00, 0.04
11279, 0.05, 0.02, 0.02
11380, 0.05, 0.02, 0.03
11482, 0.05, 0.02, 0.03
11584, 0.05, 0.02, 0.02
11685, 0.05, 0.04, 0.01
11787, 0.06, 0.02, 0.04
11889, 0.05, 0.02, 0.03
11991, 0.05, 0.02, 0.03
12092, 0.04, 0.02, 0.02
12193, 0.05, 0.03, 0.02
12296, 0.04, 0.01, 0.03
12397, 0.05, 0.01, 0.03
12498, 0.05, 0.03, 0.02
12600, 0.06, 0.02, 0.03
12702, 0.04, 0.02, 0.02
12804, 0.05, 0.03, 0.02
12905, 0.05, 0.03, 0.02
13007, 0.05, 0.02, 0.02
13109, 0.05, 0.02, 0.02
13210, 0.05, 0.01, 0.04
13312, 0.05, 0.02, 0.03
13414, 0.05, 0.02, 0.03
13515, 0.06, 0.02, 0.04
13617, 0.05, 0.04, 0.01
13719, 0.05, 0.02, 0.02
13820, 0.04, 0.02, 0.02
13922, 0.05, 0.02, 0.02
14023, 0.05, 0.03, 0.02
14126, 0.05, 0.01, 0.03
14227, 0.06, 0.03, 0.03
14328, 0.04, 0.02, 0.02
14431, 0.05, 0.01, 0.04
14532, 0.05, 0.02, 0.02
14633, 0.05, 0.02, 0.03
14735, 0.05, 0.02, 0.03
14837, 0.05, 0.03, 0.02
14939, 0.06, 0.03, 0.02
15040, 0.05, 0.03, 0.02
15142, 0.05, 0.01, 0.03
15244, 0.05, 0.02, 0.03
15345, 0.05, 0.01, 0.04
15447, 0.05, 0.02, 0.03
15549, 0.04, 0.02, 0.02
15650, 0.05, 0.01, 0.03
15752, 0.06, 0.03, 0.03
15853, 0.05, 0.04, 0.01
15955, 0.05, 0.02, 0.03
16057, 0.04, 0.03, 0.01
16158, 0.05, 0.03, 0.02
16261, 0.05, 0.03, 0.02
16362, 0.05, 0.01, 0.03
16463, 0.06, 0.02, 0.04
16565, 0.05, 0.01, 0.04
16667, 0.05, 0.01, 0.04
16769, 0.04, 0.02, 0.02
16870, 0.05, 0.04, 0.01
16972, 0.05, 0.03, 0.02
17074, 0.05, 0.02, 0.03
17175, 0.05, 0.03, 0.02
17276, 0.05, 0.02, 0.03
17379, 0.04, 0.01, 0.03
17480, 0.05, 0.02, 0.03
17582, 0.05, 0.02, 0.03
17684, 0.04, 0.00, 0.03
17785, 0.05, 0.03, 0.02
17887, 0.06, 0.03, 0.03
17988, 0.05, 0.03, 0.02
18091, 0.05, 0.03, 0.02
18192, 0.05, 0.03, 0.02
18293, 0.05, 0.03, 0.02
18396, 0.06, 0.02, 0.03
18497, 0.05, 0.01, 0.04
18598, 0.04, 0.00, 0.03
18700, 0.04, 0.00, 0.04
18802, 0.05, 0.00, 0.04
18904, 0.05, 0.03, 0.02
19005, 0.06, 0.02, 0.04
19106, 0.08, 0.02, 0.05
19209, 0.05, 0.02, 0.03
19310, 0.05, 0.02, 0.03
19411, 0.04, 0.03, 0.01
19514, 0.05, 0.02, 0.02
19615, 0.05, 0.03, 0.02
19717, 0.05, 0.01, 0.03
19818, 0.04, 0.02, 0.02
19920, 0.05, 0.02, 0.03
20022, 0.05, 0.02, 0.02
20123, 0.05, 0.02, 0.02
20226, 0.06, 0.02, 0.04
20327, 0.04, 0.04, 0.00
20428, 0.05, 0.04, 0.01
20530, 0.04, 0.02, 0.02
20632, 0.05, 0.02, 0.03
20733, 0.05, 0.01, 0.04
20835, 0.05, 0.01, 0.04
20936, 0.05, 0.02, 0.03
21039, 0.06, 0.02, 0.04
21140, 0.04, 0.02, 0.02
21241, 0.05, 0.02, 0.02
21344, 0.05, 0.03, 0.02
21445, 0.04, 0.02, 0.02
21547, 0.04, 0.02, 0.02
21648, 0.05, 0.03, 0.02
21750, 0.05, 0.02, 0.02
21852, 0.05, 0.02, 0.03
21953, 0.05, 0.01, 0.04
22055, 0.05, 0.02, 0.03
22157, 0.05, 0.02, 0.03
22258, 0.05, 0.02, 0.03
22360, 0.06, 0.02, 0.04
22462, 0.04, 0.02, 0.02
22563, 0.04, 0.02, 0.02
22665, 0.05, 0.03, 0.02
22767, 0.05, 0.03, 0.02
22868, 0.05, 0.03, 0.02
22970, 0.05, 0.02, 0.03
23071, 0.04, 0.02, 0.02
23174, 0.05, 0.03, 0.02
23275, 0.05, 0.02, 0.03
23376, 0.05, 0.00, 0.05
23478, 0.05, 0.02, 0.02
23580, 0.05, 0.02, 0.03
23682, 0.04, 0.02, 0.02
23783, 0.05, 0.02, 0.03
23885, 0.06, 0.03, 0.03
23987, 0.05, 0.02, 0.03
24088, 0.04, 0.02, 0.02
24189, 0.05, 0.02, 0.03
24292, 0.05, 0.02, 0.03
24393, 0.06, 0.02, 0.03
24495, 0.05, 0.03, 0.01
24597, 0.05, 0.01, 0.03
24698, 0.05, 0.03, 0.02
24800, 0.05, 0.04, 0.01
24901, 0.05, 0.02, 0.03
25004, 0.05, 0.01, 0.04
25105, 0.04, 0.02, 0.02
25206, 0.04, 0.03, 0.01
25309, 0.05, 0.03, 0.02
25410, 0.06, 0.02, 0.04
25511, 0.04, 0.02, 0.02
25613, 0.05, 0.02, 0.03
25715, 0.04, 0.03, 0.01
25817, 0.05, 0.02, 0.03
25918, 0.06, 0.04, 0.02
26019, 0.04, 0.01, 0.03
26122, 0.05, 0.02, 0.02
26223, 0.04, 0.03, 0.01
26324, 0.05, 0.02, 0.03
26427, 0.06, 0.03, 0.03
26528, 0.04, 0.02, 0.02
26630, 0.06, 0.02, 0.04
26731, 0.05, 0.03, 0.02
26833, 0.05, 0.02, 0.03
26935, 0.05, 0.03, 0.01
27036, 0.04, 0.02, 0.02
27139, 0.06, 0.02, 0.03
27240, 0.06, 0.02, 0.04
27341, 0.05, 0.02, 0.03
27443, 0.04, 0.00, 0.04
27545, 0.04, 0.00, 0.03
27646, 0.05, 0.04, 0.01
27748, 0.05, 0.02, 0.03
27850, 0.05, 0.03, 0.02
27952, 0.06, 0.02, 0.03
28053, 0.06, 0.03, 0.03
28154, 0.05, 0.03, 0.02
28257, 0.05, 0.08, -0.02
28358, 0.04, 0.03, 0.01
28460, 0.04, 0.02, 0.02
28562, 0.06, 0.02, 0.04
28663, 0.04, 0.02, 0.02
28765, 0.05, 0.02, 0.03
28866, 0.05, 0.02, 0.02
28968, 0.06, 0.02, 0.03
29070, 0.05, 0.01, 0.04
29171, 0.05, 0.03, 0.02
29273, 0.06, 0.02, 0.03
29375, 0.06, 0.02, 0.03
29476, 0.05, 0.02, 0.03
29578, 0.05, 0.02, 0.03
29680, 0.04, 0.01, 0.03
29782, 0.05, 0.01, 0.04
29883, 0.05, 0.02, 0.03
29984, 0.05, 0.01, 0.04
30087, 0.05, 0.03, 0.02
30188, 0.06, 0.03, 0.03
30289, 0.06, 0.03, 0.03
30392, 0.04, 0.02, 0.02
30493, 0.05, 0.02, 0.03
30595, 0.05, 0.01, 0.04
30696, 0.05, 0.02, 0.03
30798, 0.05, 0.02, 0.03
30900, 0.05, 0.02, 0.03
31001, 0.05, 0.02, 0.03
31104, 0.04, 0.03, 0.01
31205, 0.05, 0.02, 0.02
31306, 0.04, 0.03, 0.01
31408, 0.05, 0.03, 0.02
31510, 0.05, 0.02, 0.03
31611, 0.06, 0.03, 0.03
31713, 0.04, 0.02, 0.02
31815, 0.05, 0.02, 0.03
31917, 0.04, 0.00, 0.04
32018, 0.06, 0.03, 0.03
32119, 0.05, 0.02, 0.02
32222, 0.06, 0.03, 0.03
32323, 0.05, 0.02, 0.02
32424, 0.04, 0.02, 0.02
32526, 0.04, 0.03, 0.01
32628, 0.06, 0.03, 0.03
32730, 0.06, 0.02, 0.03
32831, 0.05, 0.02, 0.03
32933, 0.04, 0.02, 0.02
33035, 0.04, 0.01, 0.03
33136, 0.05, 0.01, 0.04
33238, 0.05, 0.03, 0.02
33340, 0.05, 0.03, 0.02
33441, 0.06, 0.03, 0.03
33543, 0.05, 0.02, 0.03
33645, 0.05, 0.03, 0.01
33746, 0.05, 0.03, 0.02
33848, 0.05, 0.01, 0.04
33949, 0.04, 0.02, 0.02
34052, 0.05, 0.02, 0.03
34153, 0.04, 0.01, 0.02
34254, 0.05, 0.02, 0.03
34357, 0.05, 0.02, 0.02
34458, 0.06, 0.03, 0.03
34560, 0.05, 0.03, 0.02
34661, 0.05, 0.03, 0.02
34763, 0.06, 0.04, 0.02
34865, 0.06, 0.03, 0.03
34966, 0.04, 0.03, 0.01
35068, 0.05, 0.02, 0.03
35170, 0.05, 0.02, 0.02
35271, 0.05, 0.03, 0.01
35373, 0.05, 0.01, 0.03
35475, 0.05, 0.02, 0.03
35576, 0.04, 0.02, 0.02
35678, 0.05, 0.04, 0.01
35780, 0.05, 0.03, 0.02
35881, 0.05, 0.03, 0.02
35983, 0.05, 0.02, 0.03
36084, 0.05, 0.02, 0.03
36187, 0.06, 0.02, 0.04
36288, 0.04, 0.01, 0.03
36389, 0.05, 0.02, 0.03
36492, 0.05, 0.02, 0.03
36593, 0.05, 0.03, 0.02
36695, 0.05, 0.03, 0.02
36796, 0.04, 0.04, 0.00
36898, 0.05, 0.02, 0.03
37000, 0.05, 0.02, 0.03
37101, 0.05, 0.02, 0.03
37203, 0.05, 0.02, 0.03
37305, 0.05, 0.02, 0.03
37406, 0.05, 0.00, 0.04
37508, 0.05, 0.02, 0.02
37610, 0.05, 0.02, 0.03
37711, 0.05, 0.02, 0.03
37813, 0.04, 0.02, 0.02
37914, 0.06, 0.03, 0.03
38017, 0.04, 0.04, 0.00
38118, 0.05, 0.02, 0.03
38219, 0.05, 0.02, 0.03
38322, 0.05, 0.01, 0.04
38423, 0.05, 0.02, 0.03
38524, 0.05, 0.02, 0.02
38626, 0.05, 0.01, 0.04
38728, 0.05, 0.03, 0.02
38830, 0.05, 0.03, 0.02
38931, 0.05, 0.04, 0.01
39033, 0.04, 0.02, 0.02
39135, 0.05, 0.02, 0.03
39236, 0.04, 0.01, 0.03
39337, 0.04, 0.02, 0.02
39440, 0.05, 0.02, 0.03
39541, 0.05, 0.02, 0.03
39643, 0.04, 0.01, 0.03
39745, 0.04, 0.01, 0.03
39846, 0.05, 0.02, 0.03
39948, 0.04, 0.02, 0.02
40049, 0.05, 0.03, 0.02
40152, 0.06, 0.04, 0.02
40253, 0.06, 0.02, 0.03
40354, 0.06, 0.03, 0.03
40456, 0.04, 0.02, 0.02
40558, 0.05, 0.01, 0.03
40659, 0.04, 0.01, 0.03
40761, 0.05, 0.01, 0.04
40863, 0.05, 0.02, 0.02
40965, 0.05, 0.02, 0.03
41066, 0.06, 0.01, 0.04
41167, 0.05, 0.03, 0.02
41270, 0.04, 0.03, 0.01
41371, 0.05, 0.02, 0.02
41473, 0.05, 0.02, 0.03
41575, 0.05, 0.03, 0.02
41676, 0.05, 0.01, 0.03
41778, 0.06, 0.02, 0.03
41879, 0.05, 0.01, 0.03
41981, 0.05, 0.02, 0.02
42083, 0.06, 0.03, 0.03
42184, 0.05, 0.02, 0.03
42287, 0.06, 0.03, 0.03
42388, 0.06, 0.04, 0.02
42489, 0.05, 0.04, 0.01
42591, 0.05, 0.02, 0.03
42693, 0.05, 0.02, 0.02
42795, 0.05, 0.01, 0.03
42896, 0.05, 0.01, 0.04
42998, 0.05, 0.02, 0.02
43100, 0.06, 0.02, 0.04
43201, 0.05, 0.02, 0.03
43302, 0.05, 0.02, 0.03
43405, 0.05, 0.04, 0.01
43506, 0.05, 0.03, 0.01
43608, 0.05, 0.02, 0.02
43710, 0.05, 0.02, 0.02
43811, 0.06, 0.02, 0.03
43913, 0.04, 0.02, 0.02
44014, 0.05, 0.02, 0.03
44116, 0.05, 0.01, 0.04
44218, 0.05, 0.01, 0.03
44319, 0.05, 0.03, 0.02
44421, 0.06, 0.03, 0.03
44523, 0.05, 0.03, 0.02
44624, 0.04, 0.02, 0.02
44726, 0.04, 0.03, 0.01
44828, 0.04, 0.03, 0.01
44930, 0.04, 0.02, 0.02
45031, 0.04, 0.02, 0.02
45132, 0.06, 0.02, 0.04
45235, 0.04, 0.01, 0.03
45336, 0.05, 0.02, 0.03
45437, 0.06, 0.02, 0.03
45540, 0.04, 0.02, 0.02
45641, 0.05, 0.04, 0.01
45743, 0.04, 0.02, 0.02
45844, 0.05, 0.03, 0.01
45946, 0.05, 0.02, 0.03
46048, 0.06, 0.01, 0.05
46149, 0.05, 0.02, 0.02
46252, 0.05, 0.02, 0.02
46353, 0.05, 0.02, 0.03
46454, 0.05, 0.03, 0.02
46556, 0.05, 0.03, 0.02
46658, 0.04, 0.02, 0.02
46759, 0.06, 0.02, 0.03
46861, 0.04, 0.03, 0.01
46962, 0.05, 0.02, 0.03
47065, 0.06, 0.02, 0.04
47166, 0.05, 0.02, 0.03
47267, 0.04, 0.03, 0.01
47370, 0.05, 0.01, 0.03
47471, 0.05, 0.01, 0.03
47572, 0.05, 0.03, 0.02
47674, 0.05, 0.03, 0.02
47776, 0.05, 0.01, 0.04
47878, 0.05, 0.02, 0.03
47979, 0.05, 0.03, 0.01
48081, 0.05, 0.02, 0.02
48183, 0.04, 0.04, 0.00
48284, 0.05, 0.02, 0.03
48386, 0.04, 0.01, 0.03
48488, 0.05, 0.01, 0.03
48589, 0.05, 0.02, 0.03
48691, 0.05, 0.02, 0.03
48793, 0.05, 0.03, 0.02
48894, 0.05, 0.04, 0.01
48996, 0.05, 0.02, 0.02
49097, 0.05, 0.03, 0.02
49200, 0.06, 0.03, 0.03
49301, 0.05, 0.02, 0.03
49402, 0.05, 0.02, 0.03
49505, 0.04, 0.02, 0.02
49606, 0.05, 0.02, 0.03
49708, 0.05, 0.02, 0.02
49809, 0.05, 0.01, 0.04
49911, 0.05, 0.02, 0.03
50013, 0.05, 0.01, 0.03
50114, 0.05, 0.02, 0.03
50215, 0.06, 0.03, 0.02
50318, 0.04, 0.03, 0.01
50419, 0.05, 0.02, 0.03
50521, 0.04, 0.01, 0.02
50623, 0.05, 0.01, 0.03
50724, 0.05, 0.01, 0.04
50826, 0.06, 0.02, 0.04
50927, 0.06, 0.03, 0.03
51030, 0.04, 0.02, 0.02
51131, 0.05, 0.02, 0.02
51232, 0.05, 0.02, 0.02
51335, 0.05, 0.03, 0.02
51436, 0.06, 0.02, 0.04
51537, 0.05, 0.02, 0.02
51639, 0.06, 0.01, 0.04
51741, 0.05, 0.01, 0.04
51843, 0.06, 0.01, 0.05
51944, 0.04, 0.01, 0.03
52046, 0.05, 0.00, 0.05
52148, 0.05, 0.02, 0.02
52249, 0.05, 0.03, 0.02
52350, 0.06, 0.02, 0.04
52453, 0.05, 0.01, 0.03
52554, 0.05, 0.03, 0.02
52656, 0.05, 0.02, 0.03
52758, 0.05, 0.02, 0.03
52859, 0.05, 0.02, 0.03
52961, 0.05, 0.01, 0.04
53062, 0.05, 0.02, 0.03
53165, 0.06, 0.03, 0.03
53266, 0.05, 0.01, 0.03
53367, 0.06, 0.03, 0.03
53470, 0.04, 0.03, 0.01
53571, 0.05, 0.02, 0.02
53672, 0.04, 0.03, 0.01
53774, 0.05, 0.02, 0.03
53876, 0.04, 0.01, 0.03
53978, 0.05, 0.02, 0.03
54079, 0.05, 0.01, 0.04
54180, 0.05, 0.01, 0.03
54283, 0.05, 0.02, 0.03
54384, 0.05, 0.01, 0.03
54486, 0.05, 0.02, 0.03
54588, 0.05, 0.02, 0.03
54689, 0.05, 0.03, 0.02
54791, 0.06, 0.02, 0.04
54892, 0.04, 0.02, 0.02
54994, 0.05, 0.01, 0.03
55096, 0.05, 0.03, 0.02
55197, 0.05, 0.01, 0.04
55300, 0.05, 0.02, 0.03
55401, 0.05, 0.01, 0.04
55502, 0.04, 0.04, 0.00
55604, 0.05, 0.03, 0.02
55706, 0.06, 0.03, 0.03
55808, 0.04, 0.04, 0.00
55909, 0.05, 0.03, 0.02
56011, 0.04, 0.01, 0.03
56113, 0.05, 0.02, 0.03
56214, 0.06, 0.01, 0.04
56315, 0.05, 0.03, 0.02
56418, 0.04, 0.00, 0.04
56519, 0.05, 0.02, 0.02
56621, 0.06, 0.03, 0.03
56722, 0.06, 0.04, 0.02
56824, 0.05, 0.03, 0.02
56926, 0.06, 0.03, 0.02
57027, 0.06, 0.03, 0.03
57129, 0.05, 0.02, 0.03
57231, 0.05, 0.01, 0.03
57332, 0.06, 0.02, 0.03
57434, 0.05, 0.01, 0.04
57536, 0.05, 0.02, 0.03
57637, 0.05, 0.01, 0.04
57739, 0.05, 0.02, 0.03
57841, 0.05, 0.04, 0.01
57943, 0.05, 0.03, 0.01
58044, 0.06, 0.03, 0.02
58145, 0.04, 0.02, 0.02
58248, 0.05, 0.02, 0.02
58349, 0.05, 0.02, 0.02
58450, 0.05, 0.02, 0.02
58553, 0.06, 0.02, 0.03
58654, 0.05, 0.02, 0.03
58756, 0.05, 0.01, 0.03
58857, 0.05, 0.02, 0.03
58959, 0.05, 0.04, 0.01
59061, 0.06, 0.03, 0.02
59162, 0.07, 0.03, 0.03
59265, 0.05, 0.02, 0.02
59366, 0.05, 0.02, 0.02
59467, 0.04, 0.02, 0.02
59569, 0.04, 0.03, 0.01
59671, 0.04, 0.01, 0.03
59772, 0.05, 0.01, 0.03
59874, 0.05, 0.02, 0.03
59975, 0.05, 0.03, 0.02
60078, 0.05, 0.02, 0.03
60179, 0.05, 0.01, 0.04
60280, 0.05, 0.01, 0.03
60383, 0.06, 0.02, 0.03
60484, 0.05, 0.03, 0.02
60585, 0.05, 0.02, 0.03
60687, 0.04, 0.02, 0.02
60789, 0.05, 0.01, 0.03
60891, 0.05, 0.01, 0.04
60992, 0.05, 0.03, 0.02
61094, 0.06, 0.02, 0.04
61196, 0.05, 0.03, 0.02
61297, 0.04, 0.03, 0.01
61399, 0.05, 0.03, 0.02
61501, 0.06, 0.02, 0.03
61602, 0.05, 0.02, 0.03
61704, 0.06, 0.02, 0.03
61806, 0.05, 0.01, 0.04
61907, 0.05, 0.01, 0.04
62009, 0.04, 0.01, 0.03
62110, 0.05, 0.02, 0.03
62213, 0.05, 0.02, 0.03
62314, 0.06, 0.02, 0.03
62415, 0.05, 0.02, 0.02
62518, 0.06, 0.02, 0.04
62619, 0.05, 0.03, 0.02
62721, 0.04, 0.01, 0.03
62822, 0.04, 0.02, 0.02
62924, 0.05, 0.01, 0.04
63026, 0.06, 0.01, 0.04
63127, 0.05, 0.02, 0.03
63229, 0.04, 0.01, 0.03
63331, 0.06, 0.02, 0.03
63432, 0.05, 0.02, 0.02
63534, 0.04, 0.02, 0.02
63636, 0.05, 0.04, 0.01
63737, 0.05, 0.02, 0.02
63839, 0.04, 0.02, 0.02
63940, 0.05, 0.02, 0.03
64043, 0.05, 0.02, 0.03
64144, 0.05, 0.01, 0.03
64245, 0.05, 0.01, 0.04
64348, 0.05, 0.01, 0.04
64449, 0.05, 0.02, 0.03
64550, 0.05, 0.03, 0.02
64652, 0.05, 0.02, 0.03
64754, 0.04, 0.03, 0.01
64856, 0.04, 0.01, 0.03
64957, 0.04, 0.01, 0.03
65059, 0.05, 0.02, 0.02
65161, 0.06, 0.02, 0.03
65262, 0.06, 0.01, 0.05
65363, 0.05, 0.02, 0.03
65466, 0.05, 0.03, 0.02
65567, 0.05, 0.01, 0.04
65669, 0.05, 0.02, 0.03
65771, 0.06, 0.03, 0.03
65872, 0.06, 0.03, 0.02
65974, 0.05, 0.03, 0.02
66075, 0.05, 0.03, 0.02
66178, 0.06, 0.04, 0.02
66279, 0.06, 0.03, 0.03
66380, 0.05, 0.02, 0.03
66483, 0.05, 0.01, 0.04
66584, 0.05, 0.01, 0.04
66685, 0.05, 0.02, 0.03
66787, 0.04, 0.02, 0.02
66889, 0.04, 0.03, 0.01
66991, 0.05, 0.04, 0.01
67092, 0.05, 0.02, 0.03
67194, 0.06, 0.03, 0.02
67296, 0.05, 0.02, 0.03
67397, 0.05, 0.03, 0.02
67499, 0.06, 0.03, 0.03
67601, 0.05, 0.03, 0.02
67702, 0.05, 0.01, 0.04
67804, 0.05, 0.02, 0.03
67906, 0.05, 0.03, 0.01
68007, 0.05, 0.01, 0.03
68109, 0.04, 0.03, 0.01
68210, 0.05, 0.03, 0.02
68313, 0.06, 0.03, 0.03
68414, 0.05, 0.01, 0.03
68515, 0.05, 0.00, 0.04
68618, 0.04, 0.02, 0.02
68719, 0.04, 0.03, 0.01
68820, 0.04, 0.02, 0.02
68922, 0.05, 0.01, 0.03
69024, 0.06, 0.02, 0.04
69126, 0.05, 0.02, 0.02
69227, 0.05, 0.02, 0.03
69328, 0.06, 0.03, 0.03
69431, 0.05, 0.02, 0.03
69532, 0.05, 0.01, 0.03
69634, 0.05, 0.01, 0.04
69736, 0.05, 0.01, 0.03
69837, 0.05, 0.01, 0.04
69939, 0.05, 0.02, 0.03
70040, 0.05, 0.01, 0.03
70142, 0.06, 0.03, 0.03
70244, 0.05, 0.03, 0.02
70345, 0.05, 0.02, 0.03
70448, 0.04, 0.03, 0.01
70549, 0.05, 0.03, 0.02
70650, 0.05, 0.02, 0.03
70752, 0.05, 0.02, 0.03
70854, 0.05, 0.01, 0.04
70956, 0.05, 0.02, 0.03
71057, 0.05, 0.03, 0.02
71159, 0.05, 0.02, 0.03
71261, 0.04, 0.02, 0.02
71362, 0.06, 0.02, 0.03
71463, 0.05, 0.02, 0.02
71566, 0.05, 0.03, 0.02
71667, 0.06, 0.02, 0.04
71769, 0.05, 0.03, 0.02
71871, 0.06, 0.03, 0.03
71972, 0.04, 0.01, 0.03
72074, 0.05, 0.01, 0.04
72175, 0.05, 0.01, 0.04
72278, 0.05, 0.02, 0.03
72379, 0.05, 0.01, 0.03
72480, 0.05, 0.02, 0.02
72583, 0.06, 0.03, 0.03
72684, 0.05, 0.02, 0.03
72785, 0.05, 0.02, 0.03
72887, 0.05, 0.02, 0.03
72989, 0.04, 0.02, 0.02
73091, 0.04, 0.02, 0.02
73192, 0.05, 0.01, 0.04
73293, 0.05, 0.02, 0.02
73396, 0.05, 0.03, 0.02
73497, 0.05, 0.02, 0.03
73598, 0.06, 0.03, 0.03
73701, 0.05, 0.02, 0.02
73802, 0.04, 0.02, 0.02
73904, 0.04, 0.04, 0.00
74005, 0.06, 0.03, 0.03
74107, 0.04, 0.02, 0.01
74209, 0.05, 0.01, 0.04
74310, 0.05, 0.01, 0.03
74413, 0.06, 0.03, 0.03
74514, 0.05, 0.04, 0.01
74615, 0.06, 0.03, 0.03
74717, 0.05, 0.02, 0.02
74819, 0.05, 0.02, 0.03
74920, 0.05, 0.03, 0.01
75022, 0.05, 0.04, 0.01
75124, 0.04, 0.03, 0.01
75226, 0.06, 0.04, 0.02
75327, 0.05, 0.02, 0.03
75428, 0.05, 0.02, 0.03
75531, 0.05, 0.02, 0.02
75632, 0.05, 0.02, 0.03
75734, 0.05, 0.02, 0.02
75836, 0.05, 0.03, 0.02
75937, 0.05, 0.04, 0.01
76039, 0.05, 0.03, 0.02
76140, 0.05, 0.02, 0.03
76242, 0.06, 0.01, 0.04
76344, 0.04, 0.01, 0.03
76445, 0.05, 0.02, 0.03
76547, 0.06, 0.02, 0.04
76649, 0.05, 0.02, 0.03
76750, 0.05, 0.02, 0.03
76852, 0.04, 0.02, 0.02
76954, 0.05, 0.02, 0.02
77056, 0.05, 0.03, 0.01
77157, 0.05, 0.02, 0.03
77258, 0.06, 0.03, 0.03
77361, 0.04, 0.02, 0.02
77462, 0.05, 0.01, 0.04
77563, 0.05, 0.01, 0.04
77666, 0.05, 0.01, 0.04
77767, 0.05, 0.02, 0.03
77869, 0.05, 0.02, 0.02
77970, 0.05, 0.02, 0.03
78072, 0.05, 0.02, 0.03
78174, 0.05, 0.03, 0.02
78275, 0.05, 0.03, 0.02
78377, 0.05, 0.03, 0.02
78479, 0.06, 0.02, 0.03
78580, 0.05, 0.01, 0.04
78682, 0.04, 0.02, 0.02
78784, 0.04, 0.02, 0.02
78885, 0.05, 0.02, 0.02
78987, 0.05, 0.01, 0.04
79089, 0.05, 0.02, 0.02
79191, 0.06, 0.01, 0.05
79292, 0.05, 0.03, 0.02
79393, 0.05, 0.03, 0.02
79496, 0.05, 0.04, 0.01
79597, 0.06, 0.01, 0.04
79698, 0.05, 0.03, 0.01
79800, 0.05, 0.01, 0.04
79902, 0.05, 0.02, 0.03
80004, 0.06, 0.01, 0.04
80105, 0.06, 0.03, 0.03
80207, 0.05, 0.02, 0.03
80309, 0.04, 0.02, 0.02
80410, 0.05, 0.04, 0.01
80512, 0.05, 0.03, 0.02
80614, 0.06, 0.03, 0.02
80715, 0.04, 0.02, 0.02
80817, 0.04, 0.01, 0.03
80919, 0.05, 0.02, 0.03
81020, 0.06, 0.03, 0.03
81122, 0.05, 0.02, 0.02
81223, 0.06, 0.02, 0.03
81326, 0.05, 0.03, 0.02
81427, 0.05, 0.03, 0.02
81528, 0.06, 0.03, 0.03
81631, 0.05, 0.03, 0.02
81732, 0.06, 0.01, 0.04
81833, 0.05, 0.02, 0.03
81935, 0.06, 0.02, 0.04
82037, 0.05, 0.02, 0.03
82139, 0.05, 0.01, 0.04
82240, 0.04, 0.02, 0.02
82342, 0.04, 0.01, 0.03
82444, 0.06, 0.03, 0.03
82545, 0.06, 0.04, 0.02
82647, 0.06, 0.03, 0.03
82749, 0.05, 0.02, 0.03
82850, 0.04, 0.02, 0.02
82952, 0.04, 0.02, 0.02
83053, 0.05, 0.03, 0.02
83155, 0.06, 0.03, 0.03
83257, 0.05, 0.02, 0.03
83358, 0.05, 0.01, 0.04
83461, 0.04, 0.01, 0.03
83562, 0.04, 0.03, 0.01
83663, 0.05, 0.03, 0.01
83765, 0.05, 0.02, 0.02
83867, 0.05, 0.02, 0.03
83969, 0.05, 0.04, 0.01
84070, 0.06, 0.03, 0.03
84172, 0.05, 0.02, 0.03
84274, 0.06, 0.02, 0.04
84375, 0.05, 0.02, 0.03
84476, 0.05, 0.02, 0.03
84579, 0.05, 0.02, 0.03
84680, 0.04, 0.02, 0.02
84782, 0.05, 0.03, 0.02
84884, 0.06, 0.03, 0.02
84985, 0.06, 0.04, 0.02
85087, 0.05, 0.04, 0.01
85188, 0.06, 0.03, 0.03
85291, 0.04, 0.01, 0.03
85392, 0.05, 0.03, 0.02
85493, 0.04, 0.03, 0.01
85596, 0.06, 0.02, 0.04
85697, 0.05, 0.02, 0.03
85798, 0.05, 0.02, 0.03
85900, 0.05, 0.03, 0.02
86002, 0.04, 0.03, 0.01
86104, 0.05, 0.02, 0.03
86205, 0.05, 0.02, 0.02
86306, 0.05, 0.03, 0.01
86409, 0.06, 0.03, 0.03
86510, 0.04, 0.02, 0.02
86611, 0.05, 0.03, 0.02
86714, 0.04, 0.03, 0.01
86815, 0.05, 0.03, 0.02
86917, 0.05, 0.03, 0.02
87018, 0.05, 0.01, 0.04
87120, 0.05, 0.03, 0.02
87222, 0.05, 0.03, 0.01
87323, 0.04, 0.03, 0.01
87426, 0.05, 0.02, 0.03
87527, 0.05, 0.03, 0.01
87628, 0.05, 0.03, 0.02
87730, 0.04, 0.01, 0.02
87832, 0.05, 0.01, 0.04
87933, 0.05, 0.03, 0.02
88035, 0.06, 0.03, 0.02
88137, 0.06, 0.03, 0.02
88239, 0.05, 0.03, 0.02
88340, 0.06, 0.04, 0.02
88441, 0.05, 0.02, 0.03
88544, 0.05, 0.03, 0.02
88645, 0.04, 0.02, 0.01
88747, 0.05, 0.01, 0.03
88849, 0.06, 0.02, 0.03
88950, 0.05, 0.02, 0.03
89052, 0.06, 0.02, 0.04
89153, 0.05, 0.02, 0.03
89255, 0.05, 0.03, 0.02
89357, 0.04, 0.01, 0.03
89458, 0.05, 0.01, 0.04
89561, 0.05, 0.03, 0.02
89662, 0.06, 0.03, 0.03
89763, 0.06, 0.01, 0.04
89865, 0.05, 0.02, 0.03
89967, 0.06, 0.01, 0.04
90068, 0.05, 0.01, 0.04
90170, 0.04, 0.03, 0.01
90272, 0.06, 0.02, 0.04
90374, 0.05, 0.03, 0.02
90475, 0.04, 0.02, 0.02
90576, 0.06, 0.02, 0.04
90679, 0.04, 0.03, 0.01
90780, 0.06, 0.01, 0.05
90882, 0.05, 0.02, 0.03
90984, 0.05, 0.02, 0.03
91085, 0.05, 0.01, 0.04
91187, 0.05, 0.01, 0.04
91288, 0.05, 0.02, 0.03
91390, 0.05, 0.03, 0.02
91492, 0.04, 0.03, 0.01
91593, 0.06, 0.03, 0.03
91695, 0.05, 0.02, 0.03
91797, 0.06, 0.03, 0.03
91898, 0.05, 0.01, 0.03
92000, 0.06, 0.01, 0.04
92102, 0.06, 0.02, 0.04
92204, 0.05, 0.01, 0.04
92305, 0.05, 0.01, 0.04
92406, 0.05, 0.01, 0.03
92509, 0.05, 0.03, 0.02
92610, 0.06, 0.02, 0.03
92711, 0.05, 0.02, 0.03
92814, 0.05, 0.02, 0.03
92915, 0.06, 0.02, 0.04
93017, 0.05, 0.02, 0.03
93118, 0.06, 0.03, 0.03
93220, 0.05, 0.01, 0.04
93322, 0.05, 0.02, 0.03
93423, 0.05, 0.01, 0.03
93526, 0.06, 0.03, 0.03
93627, 0.04, 0.02, 0.02
93728, 0.06, 0.03, 0.03
93830, 0.05, 0.02, 0.03
93932, 0.05, 0.02, 0.02
94033, 0.05, 0.03, 0.01
94135, 0.06, 0.02, 0.03
94237, 0.06, 0.04, 0.02
94339, 0.05, 0.03, 0.02
94440, 0.05, 0.02, 0.03
94541, 0.04, 0.01, 0.03
94644, 0.05, 0.03, 0.02
94745, 0.06, 0.03, 0.03
94846, 0.05, 0.02, 0.03
94949, 0.05, 0.01, 0.03
95050, 0.04, 0.03, 0.01
95152, 0.05, 0.03, 0.02
95253, 0.05, 0.04, 0.01
95355, 0.06, 0.02, 0.03
95457, 0.05, 0.01, 0.03
95558, 0.05, 0.01, 0.03
95661, 0.05, 0.02, 0.03
95762, 0.05, 0.01, 0.03
95863, 0.06, 0.02, 0.04
95965, 0.05, 0.02, 0.02
96067, 0.05, 0.02, 0.03
96168, 0.05, 0.02, 0.03
96270, 0.05, 0.04, 0.01
96372, 0.05, 0.03, 0.02
96474, 0.05, 0.03, 0.02
96575, 0.05, 0.02, 0.02
96676, 0.05, 0.03, 0.02
96779, 0.04, 0.02, 0.02
96880, 0.05, 0.02, 0.02
96982, 0.05, 0.02, 0.03
97084, 0.05, 0.02, 0.02
97185, 0.05, 0.03, 0.02
97287, 0.04, 0.03, 0.01
97388, 0.05, 0.01, 0.04
97490, 0.05, 0.03, 0.02
97592, 0.05, 0.03, 0.02
97693, 0.05, 0.02, 0.03
97795, 0.05, 0.02, 0.03
97897, 0.04, 0.01, 0.03
97998, 0.05, 0.02, 0.03
98100, 0.06, 0.02, 0.04
98202, 0.05, 0.03, 0.02
98304, 0.05, 0.03, 0.02
98405, 0.06, 0.02, 0.03
98506, 0.04, 0.03, 0.01
98609, 0.05, 0.03, 0.02
98710, 0.05, 0.02, 0.03
98811, 0.05, 0.02, 0.03
98914, 0.05, 0.01, 0.03
99015, 0.04, 0.02, 0.02
99117, 0.04, 0.02, 0.02
99218, 0.06, 0.02, 0.04
99320, 0.06, 0.03, 0.03
99422, 0.04, 0.03, 0.01
99523, 0.05, 0.03, 0.02
99625, 0.06, 0.02, 0.03
99727, 0.05, 0.04, 0.01
99828, 0.05, 0.03, 0.02
99930, 0.05, 0.01, 0.03
100032, 0.06, 0.01, 0.04
100133, 0.05, 0.03, 0.01
100235, 0.05, 0.01, 0.04
100337, 0.05, 0.02, 0.03
100439, 0.06, 0.03, 0.02
100540, 0.06, 0.02, 0.03
100642, 0.05, 0.03, 0.01
100744, 0.05, 0.02, 0.03
100845, 0.05, 0.04, 0.01
100947, 0.04, 0.04, 0.00
101049, 0.06, 0.03, 0.03
101150, 0.04, 0.02, 0.02
101253, 0.05, 0.01, 0.03
101354, 0.05, 0.03, 0.02
101455, 0.05, 0.03, 0.02
101558, 0.05, 0.02, 0.03
101659, 0.05, 0.04, 0.01
101761, 0.06, 0.02, 0.03
101863, 0.05, 0.04, 0.01
101964, 0.04, 0.03, 0.01
102066, 0.05, 0.02, 0.03
102168, 0.05, 0.04, 0.01
102269, 0.04, 0.02, 0.02
102371, 0.05, 0.01, 0.04
102473, 0.05, 0.02, 0.03
102575, 0.05, 0.02, 0.03
102676, 0.05, 0.02, 0.03
102778, 0.04, 0.03, 0.01
102880, 0.05, 0.02, 0.03
102981, 0.05, 0.02, 0.03
103084, 0.06, 0.04, 0.02
103185, 0.05, 0.03, 0.02
103286, 0.05, 0.01, 0.04
103389, 0.05, 0.02, 0.02
103490, 0.05, 0.02, 0.02
103591, 0.05, 0.02, 0.03
103694, 0.04, 0.02, 0.02
103795, 0.04, 0.03, 0.01
103897, 0.04, 0.02, 0.02
103999, 0.06, 0.02, 0.03
104100, 0.05, 0.03, 0.02
104202, 0.05, 0.03, 0.02
104304, 0.05, 0.03, 0.01
104406, 0.05, 0.02, 0.03
104507, 0.06, 0.01, 0.04
104609, 0.04, 0.02, 0.02
104711, 0.05, 0.02, 0.03
104812, 0.06, 0.02, 0.03
104913, 0.04, 0.04, 0.00
105016, 0.05, 0.03, 0.02
105117, 0.05, 0.02, 0.02
105219, 0.06, 0.03, 0.03
105321, 0.05, 0.02, 0.03
105422, 0.06, 0.04, 0.02
105524, 0.04, 0.03, 0.01
105626, 0.04, 0.03, 0.01
105728, 0.05, 0.01, 0.03
105829, 0.06, 0.02, 0.03
105931, 0.05, 0.01, 0.04
106033, 0.06, 0.03, 0.03
106134, 0.05, 0.04, 0.01
106236, 0.05, 0.01, 0.03
106338, 0.06, 0.02, 0.04
106439, 0.04, 0.03, 0.01
106542, 0.06, 0.02, 0.04
106643, 0.05, 0.03, 0.02
106744, 0.04, 0.02, 0.02
106847, 0.05, 0.02, 0.03
106948, 0.05, 0.02, 0.03
107049, 0.04, 0.02, 0.02
107152, 0.06, 0.03, 0.03
107253, 0.05, 0.03, 0.02
107355, 0.05, 0.02, 0.03
107457, 0.05, 0.03, 0.01
107558, 0.05, 0.04, 0.01
107660, 0.05, 0.02, 0.03
107762, 0.05, 0.02, 0.02
107864, 0.06, 0.02, 0.03
107965, 0.05, 0.02, 0.03
108067, 0.05, 0.02, 0.02
108169, 0.05, 0.02, 0.03
108270, 0.06, 0.02, 0.03
108372, 0.06, 0.03, 0.03
108474, 0.06, 0.02, 0.03
108575, 0.06, 0.02, 0.03
108678, 0.05, 0.02, 0.02
108779, 0.05, 0.02, 0.02
108880, 0.06, 0.02, 0.04
108983, 0.04, 0.03, 0.01
109084, 0.05, 0.01, 0.04
109186, 0.05, 0.03, 0.02
109288, 0.06, 0.03, 0.03
109389, 0.04, 0.02, 0.02
109491, 0.05, 0.03, 0.01
109593, 0.05, 0.02, 0.02
109694, 0.06, 0.03, 0.03
109796, 0.04, 0.04, 0.00
109898, 0.06, 0.03, 0.02
110000, 0.05, 0.00, 0.04
110101, 0.04, 0.02, 0.02
110203, 0.05, 0.01, 0.04
110305, 0.05, 0.03, 0.02
110406, 0.05, 0.03, 0.02
110509, 0.04, 0.03, 0.01
110610, 0.06, 0.02, 0.03
110711, 0.06, 0.04, 0.02
110814, 0.05, 0.02, 0.03
110915, 0.06, 0.02, 0.03
111016, 0.05, 0.03, 0.01
111119, 0.04, 0.01, 0.03
111220, 0.05, 0.03, 0.02
111322, 0.05, 0.01, 0.04
111424, 0.04, 0.02, 0.02
111525, 0.04, 0.02, 0.02
111627, 0.05, 0.02, 0.03
111729, 0.04, 0.02, 0.02
111831, 0.05, 0.03, 0.02
111932, 0.05, 0.03, 0.02
112033, 0.06, 0.02, 0.04
112136, 0.05, 0.02, 0.02
112237, 0.05, 0.02, 0.02
112338, 0.06, 0.01, 0.04
112441, 0.05, 0.01, 0.04
112542, 0.05, 0.01, 0.03
112644, 0.05, 0.02, 0.02
112746, 0.05, 0.01, 0.04
112847, 0.05, 0.03, 0.01
112949, 0.05, 0.02, 0.03
113051, 0.05, 0.03, 0.02
113153, 0.05, 0.02, 0.03
113254, 0.05, 0.01, 0.03
113356, 0.05, 0.02, 0.02
113458, 0.05, 0.01, 0.04
113559, 0.05, 0.03, 0.02
113661, 0.06, 0.02, 0.04
113763, 0.05, 0.02, 0.03
113864, 0.05, 0.04, 0.01
113967, 0.05, 0.03, 0.02
114068, 0.05, 0.04, 0.01
114169, 0.04, 0.03, 0.01
114272, 0.05, 0.03, 0.02
114373, 0.06, 0.03, 0.03
114475, 0.05, 0.02, 0.02
114577, 0.04, 0.03, 0.01
114678, 0.06, 0.03, 0.02
114780, 0.06, 0.01, 0.04
114882, 0.04, 0.04, 0.00
114983, 0.05, 0.04, 0.01
115085, 0.06, 0.04, 0.02
115187, 0.06, 0.04, 0.01
115289, 0.05, 0.03, 0.02
115390, 0.05, 0.01, 0.04
115492, 0.04, 0.02, 0.02
115594, 0.04, 0.02, 0.02
115695, 0.05, 0.01, 0.04
115798, 0.06, 0.02, 0.03
115899, 0.05, 0.04, 0.01
116000, 0.05, 0.02, 0.02
116103, 0.05, 0.02, 0.03
116204, 0.05, 0.04, 0.01
116305, 0.05, 0.02, 0.03
116408, 0.05, 0.03, 0.02
116509, 0.05, 0.03, 0.02
116611, 0.05, 0.02, 0.03
116713, 0.05, 0.03, 0.02
116814, 0.05, 0.02, 0.03
116916, 0.06, 0.02, 0.03
117018, 0.05, 0.02, 0.03
117120, 0.06, 0.03, 0.03
117221, 0.06, 0.02, 0.03
117323, 0.05, 0.03, 0.02
117425, 0.05, 0.03, 0.02
117526, 0.05, 0.02, 0.03
117628, 0.06, 0.03, 0.02
117730, 0.04, 0.02, 0.01
117831, 0.05, 0.01, 0.04
117934, 0.05, 0.02, 0.02
118035, 0.05, 0.02, 0.03
118136, 0.05, 0.02, 0.03
118239, 0.05, 0.02, 0.03
118340, 0.06, 0.02, 0.03
118441, 0.06, 0.04, 0.02
118544, 0.04, 0.02, 0.02
118645, 0.05, 0.03, 0.02
118747, 0.05, 0.04, 0.01
118849, 0.04, 0.02, 0.02
118950, 0.05, 0.02, 0.03
119052, 0.06, 0.00, 0.05
119154, 0.06, 0.02, 0.04
119256, 0.06, 0.02, 0.04
119357, 0.05, 0.03, 0.02
119459, 0.06, 0.03, 0.03
119561, 0.06, 0.04, 0.02
119662, 0.04, 0.02, 0.02
119764, 0.05, 0.03, 0.02
119866, 0.06, 0.02, 0.04
119967, 0.06, 0.02, 0.04
120070, 0.04, 0.02, 0.02
120171, 0.05, 0.01, 0.03
120272, 0.05, 0.02, 0.03
120374, 0.04, 0.02, 0.02
120476, 0.05, 0.02, 0.03
120578, 0.05, 0.02, 0.02
120679, 0.06, 0.03, 0.03
120781, 0.05, 0.03, 0.01
120883, 0.05, 0.03, 0.02
120984, 0.06, 0.03, 0.03
121086, 0.04, 0.01, 0.03
121188, 0.05, 0.02, 0.03
121289, 0.04, 0.02, 0.02
121392, 0.05, 0.02, 0.03
121493, 0.05, 0.02, 0.02
121594, 0.05, 0.03, 0.02
121697, 0.05, 0.02, 0.03
121798, 0.05, 0.03, 0.02
121900, 0.06, 0.03, 0.03
122002, 0.05, 0.01, 0.04
122103, 0.05, 0.02, 0.02
122205, 0.05, 0.03, 0.02
122307, 0.05, 0.02, 0.02
122408, 0.05, 0.01, 0.03
122510, 0.06, 0.03, 0.03
122612, 0.06, 0.03, 0.02
122714, 0.05, 0.02, 0.03
122815, 0.05, 0.04, 0.01
122917, 0.06, 0.03, 0.02
123019, 0.05, 0.02, 0.03
123120, 0.05, 0.03, 0.02
123223, 0.06, 0.02, 0.04
123324, 0.06, 0.02, 0.03
123425, 0.05, 0.02, 0.03
123528, 0.05, 0.01, 0.04
123629, 0.05, 0.02, 0.03
123730, 0.05, 0.03, 0.02
123833, 0.05, 0.03, 0.02
123934, 0.04, 0.02, 0.02
124036, 0.06, 0.03, 0.03
124138, 0.05, 0.02, 0.03
124239, 0.05, 0.02, 0.03
124341, 0.05, 0.03, 0.02
124443, 0.06, 0.02, 0.03
124545, 0.05, 0.01, 0.04
124646, 0.06, 0.02, 0.04
124748, 0.05, 0.03, 0.02
124850, 0.04, 0.03, 0.01
124951, 0.05, 0.02, 0.03
125053, 0.05, 0.03, 0.02
125155, 0.05, 0.02, 0.03
125256, 0.05, 0.02, 0.03
125359, 0.05, 0.02, 0.03
125460, 0.04, 0.02, 0.02
125561, 0.05, 0.01, 0.03
125664, 0.06, 0.03, 0.03
125765, 0.04, 0.02, 0.02
125867, 0.05, 0.02, 0.03
125969, 0.05, 0.02, 0.02
126070, 0.05, 0.02, 0.03
126172, 0.06, 0.04, 0.02
126274, 0.05, 0.01, 0.04
126375, 0.05, 0.03, 0.01
126477, 0.06, 0.04, 0.02
126579, 0.05, 0.01, 0.04
126681, 0.06, 0.03, 0.03
126782, 0.06, 0.03, 0.03
126884, 0.05, 0.04, 0.01
126986, 0.05, 0.03, 0.02
127087, 0.05, 0.02, 0.03
127190, 0.05, 0.04, 0.01
127291, 0.05, 0.04, 0.01
127392, 0.04, 0.03, 0.01
127495, 0.05, 0.03, 0.02
127596, 0.06, 0.02, 0.04
127697, 0.04, 0.03, 0.01
127800, 0.04, 0.02, 0.01
127901, 0.05, 0.01, 0.04
128003, 0.06, 0.04, 0.02
128105, 0.06, 0.03, 0.02
128206, 0.05, 0.01, 0.04
128308, 0.05, 0.04, 0.01
128410, 0.06, 0.03, 0.03
128512, 0.05, 0.03, 0.02
128613, 0.05, 0.02, 0.02
128715, 0.04, 0.02, 0.02
128817, 0.05, 0.01, 0.03
128918, 0.05, 0.02, 0.03
129020, 0.05, 0.02, 0.03
129122, 0.05, 0.01, 0.04
129223, 0.05, 0.03, 0.02
129325, 0.04, 0.03, 0.01
129427, 0.06, 0.02, 0.04
129528, 0.05, 0.03, 0.01
129630, 0.05, 0.03, 0.02
129732, 0.06, 0.01, 0.05
129833, 0.06, 0.00, 0.06
129935, 0.06, 0.03, 0.03
130037, 0.05, 0.02, 0.02
130139, 0.05, 0.03, 0.02
130240, 0.06, 0.02, 0.03
130342, 0.08, 0.01, 0.06
130444, 0.05, 0.04, 0.01
130545, 0.05, 0.03, 0.02
130648, 0.06, 0.03, 0.03
130749, 0.05, 0.02, 0.02
130850, 0.05, 0.03, 0.02
130953, 0.05, 0.03, 0.02
131054, 0.06, 0.02, 0.04
131155, 0.05, 0.02, 0.03
131258, 0.05, 0.01, 0.04
131359, 0.05, 0.02, 0.03
131461, 0.05, 0.03, 0.02
131563, 0.05, 0.02, 0.03
131664, 0.05, 0.03, 0.02
131766, 0.05, 0.03, 0.02
131868, 0.05, 0.03, 0.02
131970, 0.05, 0.03, 0.02
132071, 0.05, 0.02, 0.03
132173, 0.06, 0.02, 0.03
132275, 0.04, 0.02, 0.02
132376, 0.05, 0.01, 0.03
132478, 0.05, 0.03, 0.02
132580, 0.05, 0.02, 0.02
132681, 0.05, 0.02, 0.03
132784, 0.04, 0.03, 0.01
132885, 0.05, 0.03, 0.02
132986, 0.05, 0.02, 0.03
133089, 0.05, 0.02, 0.02
133190, 0.05, 0.03, 0.01
133292, 0.05, 0.01, 0.03
133394, 0.05, 0.02, 0.03
133495, 0.05, 0.03, 0.02
133597, 0.06, 0.02, 0.04
133699, 0.05, 0.04, 0.01
133800, 0.04, 0.03, 0.01
133902, 0.05, 0.02, 0.03
134004, 0.05, 0.03, 0.02
134106, 0.05, 0.01, 0.03
134207, 0.05, 0.03, 0.02
134309, 0.05, 0.04, 0.01
134411, 0.05, 0.04, 0.01
134512, 0.05, 0.02, 0.03
134615, 0.05, 0.00, 0.04
134716, 0.05, 0.02, 0.02
134817, 0.04, 0.02, 0.02
134920, 0.06, 0.02, 0.03
135021, 0.06, 0.04, 0.02
135122, 0.05, 0.02, 0.03
135225, 0.05, 0.03, 0.01
135326, 0.05, 0.02, 0.03
135428, 0.06, 0.03, 0.03
135530, 0.05, 0.01, 0.04
135631, 0.05, 0.03, 0.02
135733, 0.06, 0.02, 0.04
135835, 0.06, 0.00, 0.05
135937, 0.05, 0.03, 0.02
136038, 0.05, 0.03, 0.02
136140, 0.06, 0.02, 0.04
136242, 0.05, 0.03, 0.01
136343, 0.05, 0.03, 0.01
136445, 0.06, 0.02, 0.04
136547, 0.04, 0.02, 0.02
136648, 0.04, 0.01, 0.03
136751, 0.05, 0.02, 0.03
136852, 0.05, 0.01, 0.03
136953, 0.05, 0.02, 0.03
137056, 0.05, 0.02, 0.03
137157, 0.05, 0.03, 0.02
137259, 0.05, 0.02, 0.03
137361, 0.06, 0.03, 0.02
137462, 0.05, 0.03, 0.02
137564, 0.06, 0.03, 0.03
137666, 0.05, 0.03, 0.02
137767, 0.05, 0.02, 0.03
137869, 0.04, 0.03, 0.01
137970, 0.06, 0.02, 0.04
138073, 0.05, 0.02, 0.02
138174, 0.05, 0.07, -0.01
138275, 0.06, 0.04, 0.02
138378, 0.05, 0.02, 0.03
138479, 0.05, 0.03, 0.02
138580, 0.06, 0.03, 0.03
138683, 0.05, 0.02, 0.03
138784, 0.05, 0.05, -0.00
138886, 0.05, 0.02, 0.03
138988, 0.06, 0.03, 0.03
139089, 0.05, 0.01, 0.03
139191, 0.06, 0.03, 0.03
139293, 0.05, 0.02, 0.03
139395, 0.05, 0.02, 0.03
139496, 0.05, 0.02, 0.02
139598, 0.05, 0.02, 0.03
139700, 0.05, 0.04, 0.01
139801, 0.05, 0.03, 0.02
139904, 0.06, 0.02, 0.03
140005, 0.06, 0.02, 0.03
140106, 0.05, 0.02, 0.03
140209, 0.05, 0.02, 0.03
140310, 0.05, 0.02, 0.03
140411, 0.05, 0.02, 0.03
140514, 0.05, 0.03, 0.02
140615, 0.05, 0.03, 0.02
140717, 0.05, 0.03, 0.02
140819, 0.05, 0.05, 0.00
140920, 0.05, 0.02, 0.03
141022, 0.05, 0.03, 0.01
141124, 0.06, 0.02, 0.04
141225, 0.05, 0.02, 0.03
141327, 0.05, 0.02, 0.03
141429, 0.05, 0.02, 0.03
141531, 0.06, 0.03, 0.03
141632, 0.05, 0.02, 0.03
141734, 0.05, 0.03, 0.02
141836, 0.05, 0.04, 0.01
141937, 0.06, 0.02, 0.03
142040, 0.05, 0.03, 0.02
142141, 0.05, 0.04, 0.01
142242, 0.05, 0.02, 0.03
142345, 0.05, 0.00, 0.04
142446, 0.05, 0.00, 0.04
142547, 0.05, 0.03, 0.02
142650, 0.05, 0.02, 0.03
142751, 0.05, 0.03, 0.02
142853, 0.05, 0.02, 0.03
142955, 0.05, 0.03, 0.02
143056, 0.05, 0.03, 0.02
143158, 0.05, 0.04, 0.01
143260, 0.05, 0.01, 0.03
143362, 0.05, 0.02, 0.03
143463, 0.05, 0.02, 0.03
143565, 0.06, 0.02, 0.04
143667, 0.05, 0.02, 0.02
143768, 0.05, 0.02, 0.02
143870, 0.04, 0.02, 0.02
143972, 0.05, 0.03, 0.02
144073, 0.04, 0.04, 0.00
144176, 0.04, 0.04, 0.00
144277, 0.05, 0.03, 0.02
144378, 0.05, 0.02, 0.03
144481, 0.04, 0.01, 0.03
144582, 0.04, 0.01, 0.03
144684, 0.05, 0.02, 0.02
144786, 0.05, 0.01, 0.04
144887, 0.05, 0.02, 0.02
144989, 0.05, 0.01, 0.04
145091, 0.05, 0.02, 0.03
145192, 0.05, 0.04, 0.01
145294, 0.05, 0.02, 0.03
145395, 0.05, 0.02, 0.03
145498, 0.05, 0.03, 0.02
145599, 0.04, 0.02, 0.02
145700, 0.05, 0.01, 0.04
145803, 0.06, 0.03, 0.03
145904, 0.04, 0.03, 0.01
146006, 0.05, 0.03, 0.02
146108, 0.05, 0.03, 0.02
146209, 0.06, 0.04, 0.02
146311, 0.04, 0.03, 0.01
146413, 0.06, 0.03, 0.03
146514, 0.05, 0.02, 0.02
146616, 0.05, 0.01, 0.03
146718, 0.06, 0.02, 0.03
146820, 0.05, 0.02, 0.03
146921, 0.04, 0.02, 0.02
147023, 0.05, 0.03, 0.02
147125, 0.05, 0.02, 0.03
147226, 0.04, 0.04, 0.00
147329, 0.05, 0.03, 0.02
147430, 0.06, 0.01, 0.05
147531, 0.05, 0.03, 0.01
147634, 0.05, 0.03, 0.02
147735, 0.05, 0.02, 0.02
147836, 0.04, 0.03, 0.01
147939, 0.05, 0.02, 0.03
148040, 0.06, 0.02, 0.04
148142, 0.06, 0.04, 0.02
148244, 0.06, 0.02, 0.04
148345, 0.06, 0.01, 0.04
148447, 0.05, 0.03, 0.01
148549, 0.05, 0.02, 0.03
148651, 0.05, 0.02, 0.02
148752, 0.05, 0.02, 0.03
148854, 0.06, 0.02, 0.04
148956, 0.05, 0.02, 0.03
149057, 0.05, 0.02, 0.03
149159, 0.06, 0.02, 0.04
149261, 0.05, 0.02, 0.03
149362, 0.05, 0.03, 0.02
149465, 0.05, 0.02, 0.02
149566, 0.06, 0.03, 0.03
149667, 0.05, 0.04, 0.01
149770, 0.05, 0.02, 0.02
149871, 0.05, 0.02, 0.02
149972, 0.05, 0.02, 0.03
150075, 0.04, 0.02, 0.02
150176, 0.05, 0.02, 0.03
150278, 0.05, 0.01, 0.04
150380, 0.05, 0.02, 0.03
150481, 0.05, 0.02, 0.03
150583, 0.06, 0.03, 0.02
150685, 0.05, 0.02, 0.02
150787, 0.04, 0.03, 0.01
150888, 0.05, 0.03, 0.02
150990, 0.06, 0.03, 0.03
151092, 0.05, 0.03, 0.02
151193, 0.05, 0.03, 0.02
151296, 0.06, 0.01, 0.05
151397, 0.05, 0.03, 0.02
151498, 0.04, 0.03, 0.01
151601, 0.05, 0.03, 0.02
151702, 0.05, 0.02, 0.03
151803, 0.05, 0.03, 0.02
151906, 0.05, 0.03, 0.02
152007, 0.05, 0.02, 0.02
152109, 0.05, 0.03, 0.01
152211, 0.05, 0.02, 0.03
152312, 0.06, 0.03, 0.03
152414, 0.05, 0.02, 0.03
152516, 0.06, 0.03, 0.03
152617, 0.03, 0.02, 0.01
152719, 0.05, 0.02, 0.03
152821, 0.05, 0.04, 0.01
152923, 0.05, 0.02, 0.03
153024, 0.05, 0.04, 0.01
153126, 0.05, 0.02, 0.02
153228, 0.05, 0.03, 0.02
153329, 0.06, 0.03, 0.02
153432, 0.05, 0.02, 0.02
153533, 0.04, 0.03, 0.01
153634, 0.04, 0.01, 0.03
153737, 0.05, 0.02, 0.02
153838, 0.05, 0.02, 0.02
153939, 0.05, 0.04, 0.01
154042, 0.06, 0.04, 0.02
154143, 0.05, 0.02, 0.03
154245, 0.05, 0.03, 0.02
154347, 0.06, 0.02, 0.03
154448, 0.05, 0.03, 0.02
154550, 0.05, 0.01, 0.03
154652, 0.05, 0.02, 0.03
154754, 0.05, 0.02, 0.03
154855, 0.05, 0.03, 0.02
154957, 0.06, 0.03, 0.03
155059, 0.06, 0.04, 0.02
155160, 0.05, 0.03, 0.02
155262, 0.05, 0.03, 0.02
155364, 0.05, 0.03, 0.01
155465, 0.04, 0.02, 0.02
155567, 0.04, 0.04, 0.00
155669, 0.06, 0.02, 0.04
155770, 0.05, 0.04, 0.01
155872, 0.06, 0.03, 0.03
155974, 0.05, 0.01, 0.04
156076, 0.06, 0.03, 0.03
156177, 0.05, 0.02, 0.02
156279, 0.05, 0.03, 0.01
156381, 0.05, 0.03, 0.02
156482, 0.05, 0.03, 0.02
156584, 0.05, 0.02, 0.02
156686, 0.05, 0.03, 0.02
156787, 0.06, 0.02, 0.04
156890, 0.04, 0.02, 0.02
156991, 0.04, 0.02, 0.02
157092, 0.05, 0.03, 0.02
157195, 0.05, 0.01, 0.04
157296, 0.05, 0.04, 0.01
157398, 0.05, 0.03, 0.02
157500, 0.06, 0.03, 0.03
157601, 0.05, 0.03, 0.01
157703, 0.04, 0.02, 0.02
157805, 0.05, 0.02, 0.03
157906, 0.06, 0.02, 0.04
158008, 0.05, 0.01, 0.04
158110, 0.06, 0.02, 0.03
158212, 0.05, 0.04, 0.01
158313, 0.05, 0.02, 0.02
158415, 0.05, 0.03, 0.02
158517, 0.06, 0.02, 0.03
158618, 0.06, 0.02, 0.04
158721, 0.06, 0.02, 0.03
158822, 0.05, 0.02, 0.03
158923, 0.04, 0.03, 0.01
159026, 0.05, 0.01, 0.04
159127, 0.05, 0.03, 0.01
159228, 0.06, 0.02, 0.03
159331, 0.04, 0.02, 0.02
159432, 0.06, 0.02, 0.03
159534, 0.05, 0.03, 0.01
159636, 0.05, 0.04, 0.01
159737, 0.04, 0.03, 0.01
159839, 0.06, 0.03, 0.03
159941, 0.05, 0.03, 0.02
160043, 0.04, 0.03, 0.01
160144, 0.06, 0.02, 0.04
160246, 0.05, 0.02, 0.02
160348, 0.05, 0.02, 0.03
160449, 0.05, 0.03, 0.02
160551, 0.05, 0.01, 0.04
160653, 0.06, 0.03, 0.03
160754, 0.06, 0.03, 0.03
160857, 0.04, 0.03, 0.01
160958, 0.05, 0.03, 0.02
161059, 0.05, 0.01, 0.03
161162, 0.05, 0.04, 0.00
161263, 0.05, 0.03, 0.02
161364, 0.06, 0.03, 0.03
161467, 0.05, 0.02, 0.02
161568, 0.04, 0.03, 0.01
161670, 0.05, 0.02, 0.03
161772, 0.05, 0.03, 0.02
161873, 0.06, 0.03, 0.02
161975, 0.06, 0.03, 0.02
162077, 0.05, 0.02, 0.02
162179, 0.05, 0.02, 0.03
162280, 0.05, 0.01, 0.04
162382, 0.05, 0.03, 0.02
162484, 0.05, 0.01, 0.04
162585, 0.05, 0.01, 0.04
162688, 0.05, 0.03, 0.02
162789, 0.03, 0.03, 0.00
162890, 0.04, 0.03, 0.01
162993, 0.05, 0.01, 0.03
163094, 0.05, 0.03, 0.02
163195, 0.04, 0.03, 0.01
163298, 0.06, 0.03, 0.03
163399, 0.05, 0.00, 0.05
163501, 0.04, 0.01, 0.03
163603, 0.05, 0.03, 0.02
163704, 0.05, 0.02, 0.03
163806, 0.05, 0.02, 0.03
163908, 0.04, 0.01, 0.03
164009, 0.06, 0.01, 0.05
164111, 0.06, 0.05, 0.01
164213, 0.06, 0.01, 0.04
164315, 0.05, 0.04, 0.01
164416, 0.03, 0.02, 0.01
164518, 0.05, 0.01, 0.03
164620, 0.06, 0.04, 0.01
164721, 0.04, 0.00, 0.03
164824, 0.05, 0.01, 0.04
164925, 0.05, 0.05, 0.00
165026, 0.04, 0.03, 0.01
165129, 0.06, 0.03, 0.03
165230, 0.05, 0.02, 0.03
165331, 0.05, 0.03, 0.02
165433, 0.05, 0.02, 0.02
165535, 0.05, 0.03, 0.02
165637, 0.04, 0.02, 0.02
165738, 0.04, 0.02, 0.02
165840, 0.06, 0.00, 0.06
165942, 0.05, 0.03, 0.02
166043, 0.06, 0.02, 0.03
166146, 0.04, 0.03, 0.01
166247, 0.05, 0.01, 0.03
166348, 0.06, 0.03, 0.03
166451, 0.05, 0.03, 0.02
166552, 0.05, 0.01, 0.03
166653, 0.06, 0.03, 0.03
166756, 0.05, 0.03, 0.01
166857, 0.05, 0.02, 0.03
166959, 0.05, 0.02, 0.02
167061, 0.05, 0.04, 0.01
167162, 0.05, 0.02, 0.03
167264, 0.04, 0.03, 0.01
167366, 0.06, 0.01, 0.04
167468, 0.06, 0.03, 0.02
167569, 0.04, 0.02, 0.02
167671, 0.05, 0.01, 0.04
167773, 0.05, 0.03, 0.02
167874, 0.06, 0.02, 0.04
167976, 0.04, 0.04, 0.00
168078, 0.06, 0.02, 0.03
168179, 0.05, 0.04, 0.01
168282, 0.05, 0.02, 0.03
168383, 0.05, 0.03, 0.02
168484, 0.05, 0.02, 0.03
168587, 0.05, 0.02, 0.03
168688, 0.05, 0.02, 0.03
168790, 0.05, 0.02, 0.03
168892, 0.05, 0.03, 0.02
168993, 0.05, 0.01, 0.04
169095, 0.05, 0.02, 0.02
169197, 0.06, 0.02, 0.04
169298, 0.05, 0.04, 0.01
169400, 0.04, 0.02, 0.02
169502, 0.05, 0.01, 0.03
169604, 0.04, 0.03, 0.01
169705, 0.06, 0.03, 0.03
169807, 0.05, 0.04, 0.01
169909, 0.05, 0.03, 0.01
170010, 0.04, 0.02, 0.02
170113, 0.06, 0.01, 0.04
170214, 0.05, 0.03, 0.02
170315, 0.05, 0.04, 0.01
170418, 0.06, 0.03, 0.03
170519, 0.06, 0.02, 0.04
170620, 0.05, 0.02, 0.02
170723, 0.05, 0.03, 0.02
170824, 0.05, 0.03, 0.02
170926, 0.05, 0.02, 0.02
171028, 0.05, 0.01, 0.03
171129, 0.04, 0.02, 0.02
171231, 0.05, 0.02, 0.03
171333, 0.05, 0.03, 0.02
171435, 0.05, 0.03, 0.02
171536, 0.06, 0.03, 0.02
171638, 0.05, 0.02, 0.02
171740, 0.05, 0.02, 0.02
171841, 0.05, 0.02, 0.02
171942, 0.05, 0.02, 0.03
172045, 0.04, 0.01, 0.03
172146, 0.05, 0.01, 0.03
172248, 0.05, 0.02, 0.02
172350, 0.05, 0.02, 0.03
172451, 0.05, 0.03, 0.02
172553, 0.05, 0.03, 0.02
172655, 0.05, 0.04, 0.01
172756, 0.05, 0.01, 0.03
172858, 0.05, 0.03, 0.02
172960, 0.04, 0.02, 0.02
173062, 0.05, 0.02, 0.03
173163, 0.04, 0.03, 0.01
173265, 0.05, 0.02, 0.02
173367, 0.03, 0.02, 0.01
173468, 0.04, 0.03, 0.01
173571, 0.05, 0.02, 0.03
173672, 0.05, 0.03, 0.02
173773, 0.05, 0.02, 0.03
173876, 0.05, 0.02, 0.02
173977, 0.05, 0.03, 0.02
174078, 0.04, 0.02, 0.02
174181, 0.04, 0.02, 0.02
174282, 0.05, 0.02, 0.02
174384, 0.06, 0.02, 0.04
174486, 0.06, 0.02, 0.03
174587, 0.05, 0.03, 0.02
174689, 0.06, 0.02, 0.03
174791, 0.05, 0.00, 0.05
174893, 0.06, 0.03, 0.03
174994, 0.05, 0.03, 0.02
175096, 0.05, 0.01, 0.04
175198, 0.05, 0.02, 0.03
175299, 0.04, 0.02, 0.02
175401, 0.05, 0.01, 0.03
175503, 0.05, 0.02, 0.03
175604, 0.06, 0.03, 0.02
175707, 0.05, 0.02, 0.02
175808, 0.06, 0.03, 0.03
175909, 0.05, 0.03, 0.02
176012, 0.04, 0.02, 0.02
176113, 0.05, 0.01, 0.03
176215, 0.05, 0.03, 0.02
176317, 0.05, 0.02, 0.03
176418, 0.04, 0.03, 0.01
176520, 0.04, 0.02, 0.02
176622, 0.05, 0.03, 0.02
176723, 0.05, 0.03, 0.02
176825, 0.05, 0.04, 0.01
176927, 0.03, 0.03, 0.00
177029, 0.04, 0.03, 0.01
177130, 0.05, 0.03, 0.02
177232, 0.04, 0.02, 0.02
177334, 0.04, 0.01, 0.03
177435, 0.05, 0.02, 0.02
177538, 0.05, 0.02, 0.03
177639, 0.04, 0.02, 0.02
177740, 0.05, 0.02, 0.02
177843, 0.05, 0.03, 0.01
177944, 0.05, 0.03, 0.02
178045, 0.06, 0.03, 0.03
178148, 0.05, 0.02, 0.02
178249, 0.06, 0.03, 0.03
178351, 0.06, 0.02, 0.03
178453, 0.04, 0.02, 0.02
178554, 0.05, 0.02, 0.03
178656, 0.06, 0.02, 0.03
178758, 0.03, 0.02, 0.00
178860, 0.05, 0.01, 0.04
178961, 0.05, 0.03, 0.01
179063, 0.06, 0.02, 0.03
179165, 0.05, 0.03, 0.02
179266, 0.04, 0.01, 0.03
179368, 0.04, 0.03, 0.01
179470, 0.04, 0.04, 0.00
179571, 0.06, 0.02, 0.03
179674, 0.05, 0.01, 0.04
179775, 0.04, 0.03, 0.01
179876, 0.06, 0.02, 0.04
179979, 0.04, 0.03, 0.01
180080, 0.05, 0.02, 0.02
180182, 0.06, 0.04, 0.02
180284, 0.04, 0.02, 0.02
180385, 0.05, 0.02, 0.02
180487, 0.05, 0.01, 0.04
180589, 0.05, 0.03, 0.02
180690, 0.06, 0.02, 0.03
180792, 0.06, 0.03, 0.03
180894, 0.05, 0.02, 0.02
180996, 0.06, 0.03, 0.03
181097, 0.05, 0.03, 0.02
181198, 0.05, 0.02, 0.03
181301, 0.06, 0.01, 0.05
181402, 0.04, 0.02, 0.02
181504, 0.05, 0.02, 0.03
181606, 0.05, 0.03, 0.02
181707, 0.05, 0.01, 0.03
181809, 0.05, 0.03, 0.02
181911, 0.05, 0.01, 0.03
182012, 0.04, 0.02, 0.02
182114, 0.05, 0.02, 0.03
182216, 0.05, 0.04, 0.01
182318, 0.04, 0.02, 0.02
182419, 0.05, 0.02, 0.02
182521, 0.05, 0.03, 0.02
182623, 0.05, 0.02, 0.03
182724, 0.04, 0.03, 0.01
182827, 0.05, 0.02, 0.03
182928, 0.04, 0.03, 0.01
183029, 0.04, 0.02, 0.02
183132, 0.05, 0.03, 0.02
183233, 0.05, 0.02, 0.03
183334, 0.05, 0.02, 0.02
183437, 0.05, 0.02, 0.03
183538, 0.05, 0.02, 0.03
183640, 0.05, 0.02, 0.03
183742, 0.05, 0.02, 0.02
183843, 0.05, 0.01, 0.03
183945, 0.04, 0.02, 0.02
184047, 0.05, 0.03, 0.02
184148, 0.04, 0.04, 0.00
184250, 0.06, 0.03, 0.02
184352, 0.04, 0.03, 0.01
184454, 0.05, 0.03, 0.02
184555, 0.05, 0.02, 0.02
184657, 0.05, 0.04, 0.01
184759, 0.04, 0.02, 0.02
184860, 0.05, 0.01, 0.03
184963, 0.05, 0.03, 0.02
185064, 0.05, 0.02, 0.03
185165, 0.05, 0.03, 0.02
185268, 0.06, 0.03, 0.02
185369, 0.05, 0.04, 0.01
185470, 0.04, 0.02, 0.02
185573, 0.05, 0.03, 0.02
185674, 0.05, 0.02, 0.03
185776, 0.05, 0.02, 0.02
185878, 0.04, 0.02, 0.02
185979, 0.05, 0.02, 0.03
186081, 0.05, 0.03, 0.02
186183, 0.06, 0.02, 0.04
186285, 0.05, 0.02, 0.03
186386, 0.05, 0.01, 0.03
186488, 0.06, 0.03, 0.03
186590, 0.04, 0.02, 0.02
186691, 0.05, 0.02, 0.02
186793, 0.05, 0.01, 0.03
186895, 0.06, 0.03, 0.03
186996, 0.04, 0.04, 0.00
187099, 0.05, 0.02, 0.03
187200, 0.05, 0.02, 0.02
187301, 0.05, 0.02, 0.03
187404, 0.05, 0.02, 0.03
187505, 0.05, 0.03, 0.02
187607, 0.05, 0.01, 0.03
187709, 0.06, 0.03, 0.02
187810, 0.06, 0.02, 0.04
187912, 0.04, 0.03, 0.01
188014, 0.06, 0.02, 0.04
188115, 0.05, 0.03, 0.02
188217, 0.04, 0.03, 0.01
188319, 0.05, 0.03, 0.02
188421, 0.05, 0.03, 0.02
188522, 0.05, 0.03, 0.02
188624, 0.05, 0.02, 0.02
188726, 0.05, 0.02, 0.03
188827, 0.04, 0.03, 0.01
188930, 0.05, 0.02, 0.02
189031, 0.05, 0.03, 0.02
189132, 0.06, 0.03, 0.03
189235, 0.05, 0.02, 0.03
189336, 0.05, 0.01, 0.04
189437, 0.05, 0.03, 0.02
189540, 0.04, 0.03, 0.01
189641, 0.05, 0.03, 0.02
189743, 0.05, 0.03, 0.02
189845, 0.06, 0.03, 0.03
189946, 0.05, 0.03, 0.02
190048, 0.05, 0.02, 0.02
190150, 0.05, 0.02, 0.03
190252, 0.04, 0.04, 0.00
190353, 0.05, 0.03, 0.02
190454, 0.05, 0.01, 0.04
190557, 0.05, 0.03, 0.02
190658, 0.05, 0.03, 0.02
190759, 0.06, 0.02, 0.04
190862, 0.05, 0.03, 0.02
190963, 0.05, 0.03, 0.02
191065, 0.05, 0.02, 0.03
191167, 0.05, 0.03, 0.02
191268, 0.07, 0.03, 0.04
191370, 0.05, 0.02, 0.03
191472, 0.05, 0.02, 0.03
191574, 0.05, 0.03, 0.02
191675, 0.05, 0.04, 0.01
191777, 0.06, 0.02, 0.03
191879, 0.06, 0.03, 0.03
191980, 0.05, 0.03, 0.02
192082, 0.04, 0.01, 0.03
192184, 0.04, 0.02, 0.02
192285, 0.05, 0.03, 0.02
192388, 0.04, 0.02, 0.02
192489, 0.05, 0.03, 0.02
192590, 0.05, 0.02, 0.03
192693, 0.05, 0.04, 0.01
192794, 0.04, 0.02, 0.02
192896, 0.05, 0.02, 0.03
192998, 0.05, 0.02, 0.02
193099, 0.04, 0.02, 0.02
193201, 0.05, 0.01, 0.03
193303, 0.05, 0.03, 0.02
193404, 0.06, 0.02, 0.03
193506, 0.05, 0.02, 0.02
193608, 0.04, 0.02, 0.02
193710, 0.04, 0.02, 0.02
193811, 0.05, 0.02, 0.03
193913, 0.05, 0.02, 0.02
194015, 0.05, 0.02, 0.02
194116, 0.06, 0.02, 0.03
194219, 0.05, 0.01, 0.03
194320, 0.05, 0.02, 0.03
194421, 0.05, 0.01, 0.03
194524, 0.05, 0.03, 0.02
194625, 0.05, 0.01, 0.04
194726, 0.04, 0.02, 0.02
194829, 0.05, 0.03, 0.02
194930, 0.05, 0.03, 0.02
195032, 0.05, 0.04, 0.01
195134, 0.05, 0.01, 0.04
195235, 0.05, 0.03, 0.01
195337, 0.05, 0.02, 0.02
195439, 0.05, 0.01, 0.04
195540, 0.05, 0.02, 0.03
195642, 0.05, 0.02, 0.03
195744, 0.06, 0.03, 0.02
195846, 0.05, 0.02, 0.03
195947, 0.05, 0.03, 0.02
196049, 0.06, 0.02, 0.03
196151, 0.05, 0.04, 0.01
196252, 0.04, 0.02, 0.02
196355, 0.05, 0.01, 0.04
196456, 0.05, 0.02, 0.03
196557, 0.06, 0.02, 0.03
196660, 0.05, 0.03, 0.02
196761, 0.05, 0.02, 0.02
196862, 0.05, 0.03, 0.02
196965, 0.05, 0.03, 0.02
197066, 0.06, 0.01, 0.04
197168, 0.04, 0.03, 0.01
197270, 0.05, 0.03, 0.02
197371, 0.06, 0.03, 0.03
197473, 0.05, 0.02, 0.02
197575, 0.05, 0.03, 0.01
197677, 0.05, 0.01, 0.03
197778, 0.06, 0.04, 0.02
197880, 0.05, 0.02, 0.03
197982, 0.05, 0.03, 0.02
198083, 0.05, 0.02, 0.02
198185, 0.05, 0.02, 0.03
198287, 0.05, 0.02, 0.03
198388, 0.06, 0.01, 0.04
198491, 0.05, 0.02, 0.02
198592, 0.04, 0.02, 0.02
198693, 0.05, 0.03, 0.02
198796, 0.06, 0.03, 0.03
198897, 0.05, 0.04, 0.01
198999, 0.04, 0.02, 0.02
199101, 0.04, 0.03, 0.01
199202, 0.05, 0.03, 0.02
199304, 0.06, 0.02, 0.03
199405, 0.05, 0.01, 0.03
199507, 0.05, 0.03, 0.02
199609, 0.05, 0.03, 0.02
199710, 0.04, 0.03, 0.01
199813, 0.06, 0.03, 0.03
199914, 0.06, 0.03, 0.03
200015, 0.05, 0.02, 0.03
200118, 0.06, 0.02, 0.04
200219, 0.05, 0.03, 0.02
200321, 0.05, 0.03, 0.02
200423, 0.04, 0.03, 0.01
200524, 0.04, 0.02, 0.02
200626, 0.05, 0.02, 0.03
200728, 0.05, 0.02, 0.02
200829, 0.05, 0.02, 0.03
200931, 0.05, 0.02, 0.03
201033, 0.06, 0.02, 0.04
201135, 0.06, 0.04, 0.02
201236, 0.05, 0.03, 0.02
201338, 0.06, 0.03, 0.03
201440, 0.04, 0.02, 0.02
201541, 0.05, 0.03, 0.02
201644, 0.06, 0.02, 0.03
201745, 0.05, 0.03, 0.02
201846, 0.05, 0.02, 0.03
201949, 0.05, 0.03, 0.02
202050, 0.04, 0.02, 0.02
202151, 0.05, 0.03, 0.02
202254, 0.05, 0.03, 0.02
202355, 0.05, 0.03, 0.02
202457, 0.05, 0.02, 0.03
202559, 0.05, 0.02, 0.03
202660, 0.04, 0.02, 0.02
202762, 0.06, 0.03, 0.03
202864, 0.05, 0.01, 0.04
202966, 0.05, 0.05, -0.00
203067, 0.04, 0.02, 0.02
203169, 0.05, 0.03, 0.02
203271, 0.06, 0.03, 0.03
203372, 0.04, 0.01, 0.03
203474, 0.06, 0.03, 0.02
203576, 0.05, 0.02, 0.02
203677, 0.04, 0.02, 0.02
203780, 0.06, 0.02, 0.03
203881, 0.05, 0.02, 0.03
203982, 0.05, 0.02, 0.03
204085, 0.06, 0.02, 0.03
204186, 0.05, 0.02, 0.02
204288, 0.05, 0.02, 0.02
204390, 0.06, 0.03, 0.03
204491, 0.05, 0.03, 0.02
204593, 0.04, 0.01, 0.03
204695, 0.05, 0.03, 0.02
204796, 0.05, 0.04, 0.01
204898, 0.05, 0.02, 0.03
205000, 0.05, 0.03, 0.02
205102, 0.05, 0.03, 0.02
205203, 0.05, 0.03, 0.02
205305, 0.04, 0.02, 0.02
205407, 0.05, 0.02, 0.03
205508, 0.04, 0.03, 0.01
205611, 0.05, 0.03, 0.02
205712, 0.05, 0.03, 0.01
205813, 0.05, 0.01, 0.03
205916, 0.05, 0.02, 0.03
206017, 0.04, 0.03, 0.01
206118, 0.05, 0.02, 0.03
206221, 0.05, 0.03, 0.02
206322, 0.05, 0.03, 0.02
206424, 0.05, 0.02, 0.02
206526, 0.05, 0.03, 0.02
206627, 0.04, 0.01, 0.02
206729, 0.06, 0.03, 0.03
206830, 0.06, 0.02, 0.04
206932, 0.04, 0.03, 0.01
207034, 0.05, 0.01, 0.04
207136, 0.05, 0.02, 0.03
207238, 0.05, 0.02, 0.02
207339, 0.05, 0.03, 0.02
207440, 0.05, 0.03, 0.02
207543, 0.04, 0.02, 0.02
207644, 0.06, 0.03, 0.02
207746, 0.06, 0.02, 0.04
207848, 0.05, 0.03, 0.02
207949, 0.06, 0.02, 0.04
208051, 0.04, 0.04, 0.00
208153, 0.05, 0.04, 0.01
208254, 0.05, 0.02, 0.02
208356, 0.05, 0.04, 0.01
208458, 0.05, 0.03, 0.02
208560, 0.05, 0.03, 0.02
208661, 0.04, 0.04, 0.00
208763, 0.05, 0.04, 0.01
208865, 0.04, 0.01, 0.03
208966, 0.05, 0.01, 0.04
209069, 0.05, 0.02, 0.03
209170, 0.05, 0.03, 0.02
209271, 0.05, 0.02, 0.02
209374, 0.05, 0.02, 0.03
209475, 0.04, 0.03, 0.01
209576, 0.05, 0.02, 0.03
209679, 0.04, 0.02, 0.02
209780, 0.05, 0.03, 0.02
209882, 0.05, 0.04, 0.01
209984, 0.05, 0.02, 0.03
210085, 0.05, 0.02, 0.03
210187, 0.04, 0.03, 0.01
210289, 0.05, 0.00, 0.05
210391, 0.05, 0.02, 0.02
210492, 0.05, 0.03, 0.02
210594, 0.05, 0.03, 0.02
210696, 0.04, 0.04, 0.00
210797, 0.06, 0.03, 0.03
210899, 0.05, 0.02, 0.02
211001, 0.05, 0.03, 0.01
211102, 0.06, 0.03, 0.02
211205, 0.05, 0.02, 0.03
211306, 0.05, 0.01, 0.04
211407, 0.05, 0.02, 0.03
211510, 0.05, 0.03, 0.02
211611, 0.05, 0.02, 0.03
211713, 0.05, 0.03, 0.02
211815, 0.05, 0.02, 0.03
211916, 0.05, 0.03, 0.02
212018, 0.05, 0.03, 0.02
212120, 0.05, 0.03, 0.02
212221, 0.06, 0.02, 0.03
212323, 0.05, 0.03, 0.02
212425, 0.06, 0.01, 0.04
212527, 0.05, 0.03, 0.02
212628, 0.06, 0.03, 0.03
212730, 0.04, 0.04, 0.00
212832, 0.05, 0.00, 0.04
212933, 0.05, 0.03, 0.02
213036, 0.05, 0.01, 0.04
213137, 0.05, 0.03, 0.02
213238, 0.05, 0.02, 0.03
213340, 0.04, 0.03, 0.01
213442, 0.05, 0.03, 0.02
213543, 0.05, 0.04, 0.01
213645, 0.05, 0.02, 0.03
213747, 0.05, 0.03, 0.02
213849, 0.06, 0.03, 0.03
213950, 0.06, 0.04, 0.02
214052, 0.05, 0.03, 0.02
214154, 0.05, 0.03, 0.02
214255, 0.04, 0.03, 0.01
214358, 0.05, 0.01, 0.04
214459, 0.06, 0.03, 0.03
214560, 0.05, 0.02, 0.03
214663, 0.05, 0.02, 0.03
214764, 0.06, 0.02, 0.03
214865, 0.04, 0.03, 0.01
214968, 0.04, 0.02, 0.02
215069, 0.05, 0.02, 0.03
215171, 0.05, 0.02, 0.02
215273, 0.05, 0.04, 0.01
215374, 0.05, 0.03, 0.02
215476, 0.06, 0.03, 0.03
215578, 0.05, 0.02, 0.03
215680, 0.04, 0.02, 0.02
215781, 0.06, 0.03, 0.03
215883, 0.05, 0.03, 0.02
215985, 0.05, 0.04, 0.01
216086, 0.05, 0.02, 0.03
216188, 0.05, 0.03, 0.02
216290, 0.06, 0.03, 0.03
216391, 0.06, 0.03, 0.03
216494, 0.04, 0.01, 0.03
216595, 0.05, 0.02, 0.03
216696, 0.06, 0.03, 0.03
216799, 0.05, 0.04, 0.01
216900, 0.04, 0.01, 0.03
217001, 0.05, 0.03, 0.02
217104, 0.06, 0.03, 0.03
217205, 0.04, 0.04, 0.00
217307, 0.06, 0.03, 0.03
217409, 0.04, 0.01, 0.03
217510, 0.05, 0.03, 0.02
217612, 0.06, 0.02, 0.03
217714, 0.05, 0.02, 0.03
217816, 0.05, 0.01, 0.03
217917, 0.06, 0.02, 0.04
218019, 0.06, 0.04, 0.02
218121, 0.05, 0.02, 0.03
218222, 0.04, 0.03, 0.01
218324, 0.05, 0.02, 0.03
218426, 0.05, 0.03, 0.02
218527, 0.05, 0.02, 0.03
218630, 0.05, 0.03, 0.02
218731, 0.06, 0.02, 0.04
218832, 0.05, 0.02, 0.02
218935, 0.05, 0.02, 0.03
219036, 0.05, 0.03, 0.02
219138, 0.06, 0.01, 0.04
219240, 0.05, 0.02, 0.03
219341, 0.05, 0.02, 0.02
219443, 0.05, 0.03, 0.02
219545, 0.04, 0.02, 0.02
219646, 0.05, 0.03, 0.02
219748, 0.05, 0.01, 0.03
219850, 0.05, 0.02, 0.02
219952, 0.06, 0.04, 0.02
220053, 0.04, 0.03, 0.01
220155, 0.05, 0.02, 0.03
220257, 0.06, 0.04, 0.02
220358, 0.05, 0.02, 0.03
220461, 0.05, 0.02, 0.03
220562, 0.05, 0.02, 0.02
220663, 0.05, 0.03, 0.02
220766, 0.04, 0.01, 0.03
220867, 0.05, 0.03, 0.02
220968, 0.06, 0.02, 0.03
221071, 0.04, 0.03, 0.01
221172, 0.05, 0.02, 0.03
221274, 0.05, 0.02, 0.02
221376, 0.04, 0.02, 0.02
221477, 0.05, 0.02, 0.03
221579, 0.05, 0.06, -0.01
221681, 0.05, 0.04, 0.01
221783, 0.05, 0.02, 0.03
221884, 0.05, 0.02, 0.03
221986, 0.05, 0.03, 0.02
222088, 0.05, 0.02, 0.02
222189, 0.05, 0.02, 0.03
222291, 0.06, 0.03, 0.03
222393, 0.05, 0.02, 0.02
222494, 0.04, 0.03, 0.01
222597, 0.05, 0.03, 0.01
222698, 0.05, 0.04, 0.01
222799, 0.04, 0.02, 0.02
222902, 0.05, 0.03, 0.02
223003, 0.05, 0.02, 0.03
223105, 0.04, 0.02, 0.02
223207, 0.05, 0.01, 0.04
223308, 0.06, 0.04, 0.02
223410, 0.05, 0.02, 0.03
223511, 0.04, 0.02, 0.02
223613, 0.05, 0.02, 0.02
223715, 0.05, 0.03, 0.02
223816, 0.05, 0.01, 0.04
223919, 0.04, 0.02, 0.02
224020, 0.06, 0.02, 0.03
224121, 0.04, 0.00, 0.04
224224, 0.05, 0.03, 0.02
224325, 0.05, 0.02, 0.03
224427, 0.05, 0.02, 0.03
224529, 0.05, 0.03, 0.02
224630, 0.05, 0.01, 0.04
224732, 0.05, 0.03, 0.02
224834, 0.05, 0.02, 0.03
224935, 0.05, 0.03, 0.01
225037, 0.06, 0.05, 0.01
225139, 0.05, 0.02, 0.03
225241, 0.05, 0.03, 0.02
225342, 0.06, 0.04, 0.02
225444, 0.05, 0.01, 0.04
225546, 0.05, 0.03, 0.02
225647, 0.05, 0.02, 0.03
225750, 0.05, 0.02, 0.02
225851, 0.05, 0.01, 0.03
225952, 0.06, 0.02, 0.04
226055, 0.05, 0.03, 0.02
226156, 0.05, 0.02, 0.02
226257, 0.06, 0.02, 0.04
226360, 0.05, 0.03, 0.01
226461, 0.05, 0.02, 0.03
226563, 0.06, 0.03, 0.03
226665, 0.05, 0.02, 0.03
226766, 0.05, 0.01, 0.03
226868, 0.05, 0.02, 0.02
226970, 0.05, 0.02, 0.03
227072, 0.04, 0.02, 0.02
227173, 0.05, 0.02, 0.02
227275, 0.05, 0.02, 0.03
227377, 0.05, 0.02, 0.02
227478, 0.06, 0.03, 0.02
227580, 0.05, 0.03, 0.02
227682, 0.05, 0.02, 0.02
227783, 0.05, 0.03, 0.02
227886, 0.05, 0.02, 0.03
227987, 0.05, 0.02, 0.03
228088, 0.05, 0.02, 0.02
228191, 0.05, 0.02, 0.03
228292, 0.05, 0.02, 0.03
228393, 0.06, 0.02, 0.03
228496, 0.05, 0.03, 0.02
228597, 0.05, 0.03, 0.02
228699, 0.06, 0.03, 0.02
228801, 0.04, 0.02, 0.02
228902, 0.05, 0.03, 0.02
229004, 0.05, 0.02, 0.03
229106, 0.04, 0.02, 0.02
229208, 0.05, 0.02, 0.03
229309, 0.05, 0.03, 0.02
229411, 0.05, 0.02, 0.02
229513, 0.04, 0.03, 0.01
229614, 0.05, 0.01, 0.04
229716, 0.05, 0.04, 0.01
229818, 0.06, 0.00, 0.05
229919, 0.06, 0.02, 0.04
230022, 0.05, 0.02, 0.03
230123, 0.05, 0.02, 0.03
230224, 0.05, 0.03, 0.02
230327, 0.05, 0.02, 0.03
230428, 0.05, 0.03, 0.02
230530, 0.05, 0.03, 0.02
230632, 0.05, 0.02, 0.03
230733, 0.05, 0.03, 0.02
230835, 0.05, 0.03, 0.02
230937, 0.05, 0.03, 0.02
231038, 0.04, 0.03, 0.01
231140, 0.06, 0.03, 0.03
231242, 0.05, 0.02, 0.03
231344, 0.05, 0.01, 0.03
231445, 0.05, 0.02, 0.03
231547, 0.05, 0.02, 0.02
231649, 0.05, 0.02, 0.02
231750, 0.05, 0.03, 0.01
231853, 0.05, 0.02, 0.03
231954, 0.05, 0.04, 0.01
232055, 0.04, 0.02, 0.02
232158, 0.06, 0.02, 0.03
232259, 0.05, 0.02, 0.03
232360, 0.05, 0.04, 0.01
232463, 0.05, 0.02, 0.02
232564, 0.05, 0.02, 0.02
232666, 0.05, 0.02, 0.03
232768, 0.05, 0.04, 0.01
232869, 0.05, 0.01, 0.04
232971, 0.05, 0.03, 0.02
233073, 0.05, 0.02, 0.03
233175, 0.05, 0.02, 0.03
233276, 0.05, 0.03, 0.02
233378, 0.04, 0.02, 0.02
233480, 0.06, 0.02, 0.04
233581, 0.05, 0.03, 0.02
233683, 0.05, 0.04, 0.01
233785, 0.05, 0.02, 0.03
233886, 0.05, 0.02, 0.03
233989, 0.05, 0.03, 0.02
234090, 0.05, 0.04, 0.01
234191, 0.05, 0.02, 0.03
234294, 0.06, 0.01, 0.05
234395, 0.06, 0.03, 0.03
234497, 0.06, 0.02, 0.03
234599, 0.07, 0.02, 0.04
234700, 0.06, 0.04, 0.02
234802, 0.06, 0.04, 0.02
234904, 0.06, 0.03, 0.02
235005, 0.06, 0.03, 0.02
235107, 0.06, 0.04, 0.02
235208, 0.06, 0.12, -0.05
235311, 0.06, 0.03, 0.02
235412, 0.07, 0.03, 0.04
235513, 0.06, 0.04, 0.02
235616, 0.06, 0.02, 0.04
235717, 0.06, 0.05, 0.01
235819, 0.06, 0.04, 0.02
235921, 0.06, 0.03, 0.03
236022, 0.07, 0.03, 0.03
236124, 0.07, 0.03, 0.04
236226, 0.06, 0.03, 0.02
236327, 0.06, 0.03, 0.03
236429, 0.13, 0.13, -0.00
236531, 0.14, 0.14, 0.00
236633, 0.14, 0.15, -0.00
236734, 0.15, 0.15, 0.00
236836, 0.14, 0.14, -0.00
236938, 0.14, 0.14, 0.00
237039, 0.14, 0.14, 0.00
237142, 0.14, 0.14, 0.00
237243, 0.14, 0.14, 0.00
237344, 0.15, 0.13, 0.01
237447, 0.14, 0.14, -0.00
237548, 0.14, 0.13, 0.01
237649, 0.14, 0.14, 0.00
