0, 0.15, 0.13, 0.02
101, 0.15, 0.15, 0.00
202, 0.15, 0.15, 0.00
304, 0.15, 0.14, 0.01
406, 0.15, 0.15, -0.00
507, 0.15, 0.15, -0.00
609, 0.15, 0.15, 0.00
710, 0.15, 0.14, 0.00
812, 0.14, 0.15, -0.00
914, 0.15, 0.14, 0.01
1015, 0.15, 0.15, -0.00
1117, 0.14, 0.16, -0.01
1218, 0.14, 0.14, 0.00
1319, 0.15, 0.15, 0.00
1422, 0.14, 0.15, -0.01
1523, 0.14, 0.16, -0.01
1625, 0.15, 0.14, 0.00
1726, 0.14, 0.14, 0.00
1828, 0.14, 0.14, 0.00
1930, 0.14, 0.14, 0.00
2031, 0.02, 0.00, 0.02
2132, 0.02, 0.00, 0.02
2235, 0.04, 0.00, 0.04
2336, 0.05, 0.00, 0.05
2438, 0.05, 0.01, 0.04
2539, 0.04, 0.03, 0.01
2641, 0.05, 0.02, 0.03
2743, 0.04, 0.02, 0.02
2844, 0.04, 0.02, 0.02
2946, 0.05, 0.00, 0.05
3047, 0.04, 0.02, 0.02
3149, 0.04, 0.01, 0.03
3251, 0.04, 0.02, 0.01
3352, 0.04, 0.02, 0.02
3453, 0.04, 0.01, 0.03
3556, 0.05, 0.03, 0.01
3657, 0.05, 0.01, 0.04
3759, 0.05, 0.01, 0.03
3860, 0.04, 0.03, 0.01
3962, 0.03, 0.03, 0.00
4064, 0.05, 0.02, 0.02
4165, 0.04, 0.00, 0.04
4267, 0.06, 0.02, 0.04
4368, 0.04, 0.02, 0.02
4470, 0.04, 0.02, 0.02
4572, 0.05, 0.01, 0.04
4673, 0.05, 0.02, 0.03
4774, 0.05, 0.02, 0.03
4877, 0.05, 0.03, 0.01
4978, 0.05, 0.01, 0.03
5080, 0.05, 0.02, 0.03
5181, 0.05, 0.02, 0.03
5283, 0.06, 0.02, 0.04
5385, 0.05, 0.02, 0.02
5486, 0.05, 0.02, 0.03
5587, 0.06, 0.02, 0.03
5689, 0.05, 0.01, 0.04
5791, 0.05, 0.03, 0.02
5893, 0.05, 0.03, 0.02
5994, 0.05, 0.02, 0.03
6095, 0.05, 0.03, 0.02
6198, 0.05, 0.03, 0.02
6299, 0.06, 0.02, 0.03
6401, 0.04, 0.03, 0.01
6502, 0.04, 0.02, 0.02
6604, 0.04, 0.04, 0.00
6706, 0.05, 0.01, 0.04
6807, 0.06, 0.01, 0.04
6908, 0.04, 0.04, 0.00
7010, 0.06, 0.03, 0.03
7112, 0.06, 0.02, 0.04
7214, 0.05, 0.00, 0.05
7315, 0.04, 0.02, 0.02
7416, 0.05, 0.01, 0.04
7519, 0.05, 0.02, 0.03
7620, 0.05, 0.01, 0.04
7721, 0.05, 0.02, 0.02
7823, 0.05, 0.02, 0.03
7925, 0.05, 0.02, 0.03
8027, 0.05, 0.02, 0.03
8128, 0.05, 0.02, 0.03
8229, 0.04, 0.01, 0.03
8331, 0.06, 0.01, 0.04
8433, 0.06, 0.03, 0.02
8535, 0.05, 0.02, 0.02
8636, 0.06, 0.02, 0.03
8737, 0.05, 0.02, 0.03
8840, 0.05, 0.01, 0.04
8941, 0.05, 0.02, 0.03
9042, 0.04, 0.01, 0.03
9144, 0.05, 0.02, 0.03
9246, 0.05, 0.02, 0.02
9348, 0.05, 0.01, 0.04
9449, 0.05, 0.02, 0.02
9550, 0.05, 0.02, 0.03
9653, 0.05, 0.02, 0.03
9754, 0.05, 0.02, 0.03
9856, 0.05, 0.01, 0.04
9957, 0.05, 0.01, 0.04
10058, 0.05, 0.02, 0.03
10161, 0.05, 0.01, 0.04
10262, 0.05, 0.03, 0.02
10363, 0.05, 0.03, 0.02
10466, 0.05, 0.02, 0.03
10567, 0.05, 0.02, 0.03
10669, 0.05, 0.02, 0.03
10770, 0.05, 0.02, 0.03
10872, 0.05, 0.01, 0.04
10974, 0.05, 0.01, 0.04
11075, 0.04, 0.01, 0.03
11177, 0.04, 0.02, 0.02
11279, 0.05, 0.02, 0.03
11380, 0.05, 0.02, 0.03
11482, 0.05, 0.02, 0.03
11584, 0.05, 0.02, 0.02
11685, 0.05, 0.02, 0.03
11787, 0.05, 0.02, 0.03
11889, 0.04, 0.02, 0.02
11991, 0.04, 0.03, 0.01
12092, 0.05, 0.02, 0.02
12193, 0.05, 0.02, 0.03
12296, 0.06, 0.02, 0.04
12397, 0.05, 0.03, 0.02
12498, 0.06, 0.02, 0.04
12600, 0.05, 0.01, 0.03
12702, 0.05, 0.02, 0.03
12804, 0.05, 0.02, 0.03
12905, 0.05, 0.02, 0.03
13007, 0.05, 0.02, 0.02
13109, 0.06, 0.01, 0.05
13210, 0.05, 0.01, 0.04
13312, 0.05, 0.01, 0.03
13414, 0.06, 0.01, 0.05
13515, 0.05, 0.02, 0.03
13617, 0.05, 0.03, 0.02
13719, 0.06, 0.03, 0.03
13820, 0.05, 0.02, 0.03
13922, 0.04, 0.02, 0.02
14023, 0.05, 0.01, 0.03
14126, 0.05, 0.01, 0.04
14227, 0.05, 0.01, 0.04
14328, 0.05, 0.02, 0.03
14431, 0.05, 0.01, 0.03
14532, 0.06, 0.03, 0.03
14633, 0.05, 0.01, 0.03
14735, 0.04, 0.02, 0.01
14837, 0.05, 0.02, 0.03
14939, 0.05, 0.03, 0.01
15040, 0.05, 0.02, 0.03
15142, 0.06, 0.03, 0.03
15244, 0.06, 0.03, 0.03
15345, 0.06, 0.02, 0.04
15447, 0.07, 0.01, 0.05
15549, 0.05, 0.03, 0.02
15650, 0.05, 0.02, 0.02
15752, 0.05, 0.02, 0.03
15853, 0.06, 0.03, 0.02
15955, 0.05, 0.02, 0.02
16057, 0.05, 0.03, 0.02
16158, 0.06, 0.02, 0.04
16261, 0.05, 0.03, 0.01
16362, 0.05, 0.01, 0.04
16463, 0.05, 0.02, 0.03
16565, 0.05, 0.02, 0.03
16667, 0.05, 0.02, 0.03
16769, 0.05, 0.02, 0.03
16870, 0.06, 0.02, 0.04
16972, 0.04, 0.03, 0.01
17074, 0.06, 0.03, 0.03
17175, 0.05, 0.01, 0.03
17276, 0.05, 0.02, 0.02
17379, 0.05, 0.02, 0.03
17480, 0.06, 0.01, 0.04
17582, 0.05, 0.01, 0.04
17684, 0.05, 0.03, 0.02
17785, 0.06, 0.03, 0.03
17887, 0.05, 0.02, 0.03
17988, 0.05, 0.01, 0.04
18091, 0.05, 0.03, 0.02
18192, 0.05, 0.01, 0.04
18293, 0.05, 0.01, 0.04
18396, 0.05, 0.01, 0.03
18497, 0.05, 0.02, 0.02
18598, 0.05, 0.02, 0.03
18700, 0.06, 0.02, 0.04
18802, 0.04, 0.02, 0.02
18904, 0.05, 0.02, 0.03
19005, 0.05, 0.01, 0.04
19107, 0.05, 0.02, 0.03
19209, 0.06, 0.06, -0.00
19310, 0.05, 0.01, 0.04
19411, 0.05, 0.02, 0.03
19514, 0.05, 0.01, 0.04
19615, 0.05, 0.02, 0.03
19717, 0.04, 0.01, 0.03
19818, 0.05, 0.01, 0.04
19920, 0.05, 0.02, 0.03
20022, 0.06, 0.03, 0.03
20123, 0.06, 0.02, 0.03
20226, 0.06, 0.03, 0.03
20327, 0.05, 0.02, 0.03
20428, 0.05, 0.02, 0.02
20530, 0.05, 0.00, 0.05
20632, 0.05, 0.02, 0.02
20733, 0.05, 0.03, 0.02
20835, 0.06, 0.03, 0.03
20937, 0.06, 0.03, 0.03
21039, 0.04, 0.02, 0.02
21140, 0.05, 0.02, 0.03
21241, 0.05, 0.03, 0.02
21344, 0.06, 0.03, 0.03
21445, 0.05, 0.03, 0.02
21547, 0.05, 0.02, 0.03
21649, 0.05, 0.02, 0.02
21750, 0.05, 0.02, 0.03
21852, 0.06, 0.02, 0.04
21953, 0.06, 0.02, 0.03
22055, 0.05, 0.02, 0.03
22157, 0.06, 0.03, 0.03
22258, 0.05, 0.02, 0.03
22361, 0.05, 0.02, 0.03
22462, 0.05, 0.02, 0.03
22563, 0.06, 0.03, 0.02
22665, 0.05, 0.03, 0.02
22767, 0.05, 0.02, 0.03
22868, 0.05, 0.00, 0.05
22970, 0.05, 0.01, 0.03
23072, 0.05, 0.03, 0.02
23174, 0.06, 0.03, 0.03
23275, 0.05, 0.02, 0.03
23376, 0.05, 0.03, 0.02
23479, 0.05, 0.04, 0.01
23580, 0.06, 0.03, 0.03
23682, 0.05, 0.02, 0.03
23784, 0.05, 0.01, 0.03
23885, 0.06, 0.02, 0.03
23987, 0.05, 0.02, 0.03
24088, 0.05, 0.02, 0.02
24190, 0.05, 0.02, 0.03
24292, 0.04, 0.02, 0.02
24393, 0.05, 0.02, 0.03
24495, 0.05, 0.03, 0.02
24597, 0.05, 0.02, 0.03
24698, 0.05, 0.02, 0.03
24800, 0.05, 0.02, 0.02
24902, 0.04, 0.00, 0.04
25004, 0.05, 0.02, 0.03
25105, 0.05, 0.01, 0.03
25206, 0.04, 0.02, 0.02
25309, 0.05, 0.02, 0.02
25410, 0.06, 0.02, 0.04
25511, 0.05, 0.02, 0.03
25614, 0.05, 0.02, 0.03
25715, 0.05, 0.02, 0.03
25817, 0.04, 0.02, 0.02
25918, 0.06, 0.02, 0.04
26020, 0.05, 0.01, 0.04
26122, 0.05, 0.02, 0.02
26223, 0.05, 0.01, 0.04
26326, 0.06, 0.02, 0.03
26427, 0.05, 0.03, 0.02
26528, 0.06, 0.02, 0.04
26630, 0.05, 0.02, 0.02
26732, 0.05, 0.02, 0.03
26833, 0.05, 0.01, 0.03
26935, 0.05, 0.03, 0.02
27036, 0.05, 0.01, 0.04
27139, 0.05, 0.02, 0.02
27240, 0.05, 0.02, 0.03
27341, 0.06, 0.02, 0.04
27444, 0.05, 0.03, 0.02
27545, 0.05, 0.01, 0.04
27646, 0.05, 0.02, 0.03
27748, 0.05, 0.03, 0.02
27850, 0.05, 0.02, 0.02
27952, 0.06, 0.01, 0.04
28053, 0.05, 0.02, 0.03
28155, 0.04, 0.01, 0.03
28257, 0.05, 0.01, 0.03
28358, 0.06, 0.02, 0.03
28460, 0.05, 0.03, 0.02
28562, 0.05, 0.04, 0.01
28663, 0.04, 0.02, 0.02
28765, 0.05, 0.02, 0.02
28867, 0.05, 0.02, 0.03
28968, 0.05, 0.01, 0.03
29070, 0.05, 0.01, 0.03
29171, 0.05, 0.03, 0.02
29274, 0.05, 0.02, 0.03
29375, 0.05, 0.02, 0.03
29476, 0.04, 0.02, 0.02
29579, 0.05, 0.02, 0.03
29680, 0.05, 0.01, 0.04
29782, 0.05, 0.02, 0.03
29883, 0.04, 0.02, 0.02
29985, 0.05, 0.03, 0.02
30087, 0.05, 0.02, 0.03
30188, 0.05, 0.01, 0.03
30289, 0.06, 0.02, 0.03
30392, 0.05, 0.00, 0.04
30493, 0.04, 0.02, 0.02
30595, 0.05, 0.02, 0.03
30697, 0.05, 0.02, 0.03
30798, 0.05, 0.02, 0.02
30900, 0.06, 0.03, 0.03
31001, 0.05, 0.03, 0.02
31104, 0.05, 0.02, 0.02
31205, 0.05, 0.01, 0.04
31306, 0.05, 0.01, 0.03
31409, 0.04, 0.02, 0.02
31510, 0.05, 0.03, 0.02
31611, 0.05, 0.02, 0.02
31713, 0.05, 0.01, 0.04
31815, 0.06, 0.02, 0.04
31917, 0.05, 0.02, 0.03
32018, 0.05, 0.02, 0.03
32120, 0.05, 0.02, 0.03
32222, 0.06, 0.02, 0.04
32323, 0.05, 0.02, 0.03
32424, 0.05, 0.00, 0.05
32527, 0.05, 0.03, 0.02
32628, 0.05, 0.03, 0.02
32730, 0.05, 0.01, 0.03
32831, 0.05, 0.03, 0.02
32933, 0.05, 0.01, 0.04
33035, 0.05, 0.02, 0.02
33136, 0.05, 0.03, 0.02
33239, 0.05, 0.03, 0.02
33340, 0.05, 0.02, 0.03
33441, 0.05, 0.03, 0.02
33543, 0.05, 0.02, 0.03
33645, 0.05, 0.01, 0.03
33746, 0.05, 0.02, 0.03
33848, 0.06, 0.03, 0.03
33950, 0.06, 0.03, 0.03
34052, 0.04, 0.02, 0.02
34153, 0.04, 0.02, 0.02
34254, 0.05, 0.03, 0.02
34357, 0.06, 0.03, 0.03
34458, 0.05, 0.02, 0.03
34560, 0.04, 0.03, 0.00
34662, 0.05, 0.03, 0.02
34763, 0.05, 0.02, 0.03
34865, 0.06, 0.01, 0.04
34966, 0.04, 0.01, 0.03
35068, 0.05, 0.02, 0.03
35170, 0.05, 0.03, 0.02
35271, 0.05, 0.02, 0.02
35374, 0.06, 0.02, 0.04
35475, 0.06, 0.02, 0.04
35576, 0.04, 0.02, 0.02
35678, 0.06, 0.02, 0.03
35780, 0.04, 0.02, 0.02
35881, 0.06, 0.01, 0.05
35983, 0.05, 0.01, 0.04
36084, 0.05, 0.02, 0.03
36187, 0.05, 0.03, 0.02
36288, 0.05, 0.02, 0.02
36389, 0.05, 0.03, 0.02
36492, 0.04, 0.02, 0.02
36593, 0.06, 0.02, 0.04
36695, 0.06, 0.02, 0.04
36796, 0.06, 0.02, 0.04
36898, 0.06, 0.03, 0.03
37000, 0.06, 0.02, 0.04
37101, 0.04, 0.01, 0.03
37203, 0.04, 0.01, 0.03
37305, 0.05, 0.03, 0.02
37406, 0.05, 0.03, 0.02
37508, 0.05, 0.03, 0.02
37610, 0.05, 0.02, 0.02
37711, 0.05, 0.03, 0.02
37813, 0.06, 0.02, 0.03
37915, 0.06, 0.03, 0.03
38017, 0.05, 0.02, 0.03
38118, 0.05, 0.02, 0.03
38219, 0.05, 0.02, 0.02
38322, 0.06, 0.02, 0.03
38423, 0.05, 0.02, 0.03
38524, 0.05, 0.03, 0.02
38627, 0.05, 0.02, 0.03
38728, 0.05, 0.03, 0.01
38830, 0.05, 0.01, 0.04
38931, 0.05, 0.03, 0.02
39033, 0.05, 0.03, 0.02
39135, 0.04, 0.03, 0.01
39236, 0.06, 0.01, 0.04
39339, 0.05, 0.02, 0.02
39440, 0.04, 0.02, 0.02
39541, 0.05, 0.02, 0.03
39643, 0.05, 0.02, 0.02
39745, 0.05, 0.02, 0.03
39846, 0.05, 0.02, 0.03
39948, 0.05, 0.03, 0.02
40050, 0.06, 0.02, 0.04
40152, 0.05, 0.01, 0.04
40253, 0.05, 0.01, 0.04
40354, 0.05, 0.02, 0.03
40457, 0.05, 0.01, 0.04
40558, 0.05, 0.03, 0.02
40659, 0.06, 0.02, 0.03
40762, 0.06, 0.04, 0.02
40863, 0.05, 0.02, 0.03
40965, 0.05, 0.02, 0.03
41066, 0.05, 0.02, 0.03
41168, 0.05, 0.03, 0.02
41270, 0.05, 0.02, 0.03
41371, 0.05, 0.01, 0.03
41473, 0.05, 0.02, 0.03
41575, 0.06, 0.00, 0.06
41676, 0.06, 0.01, 0.05
41778, 0.05, 0.02, 0.03
41880, 0.05, 0.02, 0.03
41981, 0.05, 0.03, 0.02
42083, 0.05, 0.03, 0.02
42184, 0.05, 0.03, 0.02
42287, 0.06, 0.04, 0.02
42388, 0.04, 0.02, 0.02
42489, 0.05, 0.02, 0.03
42592, 0.05, 0.01, 0.04
42693, 0.05, 0.02, 0.03
42795, 0.05, 0.02, 0.03
42896, 0.05, 0.02, 0.03
42998, 0.04, 0.02, 0.02
43100, 0.06, 0.01, 0.04
43201, 0.04, 0.03, 0.01
43303, 0.06, 0.02, 0.04
43405, 0.05, 0.01, 0.04
43506, 0.05, 0.02, 0.03
43608, 0.05, 0.02, 0.03
43710, 0.04, 0.03, 0.01
43811, 0.05, 0.03, 0.02
43913, 0.05, 0.03, 0.02
44015, 0.05, 0.02, 0.03
44116, 0.05, 0.02, 0.03
44218, 0.05, 0.03, 0.02
44319, 0.05, 0.03, 0.02
44422, 0.05, 0.03, 0.02
44523, 0.05, 0.03, 0.02
44624, 0.05, 0.02, 0.03
44727, 0.05, 0.01, 0.04
44828, 0.06, 0.00, 0.06
44930, 0.04, 0.02, 0.02
45031, 0.05, 0.01, 0.04
45133, 0.05, 0.02, 0.02
45235, 0.05, 0.01, 0.03
45336, 0.05, 0.02, 0.02
45437, 0.05, 0.03, 0.02
45540, 0.05, 0.04, 0.01
45641, 0.05, 0.02, 0.03
45743, 0.05, 0.02, 0.03
45845, 0.05, 0.01, 0.03
45946, 0.05, 0.02, 0.03
46048, 0.05, 0.02, 0.03
46149, 0.05, 0.02, 0.02
46252, 0.06, 0.02, 0.04
46353, 0.05, 0.02, 0.03
46454, 0.04, 0.02, 0.02
46557, 0.05, 0.02, 0.02
46658, 0.05, 0.01, 0.04
46759, 0.05, 0.01, 0.03
46861, 0.05, 0.02, 0.02
46963, 0.05, 0.02, 0.02
47065, 0.06, 0.01, 0.05
47166, 0.05, 0.00, 0.04
47267, 0.05, 0.02, 0.02
47370, 0.05, 0.03, 0.02
47471, 0.05, 0.02, 0.03
47572, 0.06, 0.02, 0.03
47675, 0.06, 0.03, 0.03
47776, 0.05, 0.02, 0.02
47878, 0.05, 0.02, 0.02
47979, 0.05, 0.01, 0.03
48081, 0.05, 0.02, 0.02
48183, 0.06, 0.01, 0.04
48284, 0.05, 0.02, 0.03
48387, 0.05, 0.02, 0.03
48488, 0.06, 0.03, 0.02
48589, 0.05, 0.02, 0.03
48691, 0.05, 0.02, 0.03
48793, 0.06, 0.02, 0.04
48894, 0.05, 0.03, 0.02
48996, 0.05, 0.02, 0.03
49098, 0.05, 0.02, 0.03
49200, 0.05, 0.01, 0.04
49301, 0.05, 0.01, 0.03
49402, 0.05, 0.01, 0.04
49505, 0.05, 0.02, 0.02
49606, 0.05, 0.02, 0.02
49708, 0.05, 0.01, 0.04
49809, 0.06, 0.03, 0.03
49911, 0.05, 0.03, 0.02
50013, 0.05, 0.02, 0.03
50114, 0.05, 0.03, 0.02
50216, 0.05, 0.02, 0.03
50318, 0.05, 0.02, 0.03
50419, 0.04, 0.01, 0.03
50521, 0.05, 0.02, 0.03
50623, 0.05, 0.02, 0.03
50724, 0.05, 0.03, 0.02
50826, 0.05, 0.02, 0.03
50928, 0.06, 0.02, 0.04
51030, 0.05, 0.02, 0.03
51131, 0.06, 0.03, 0.03
51232, 0.05, 0.02, 0.03
51335, 0.06, 0.03, 0.03
51436, 0.05, 0.02, 0.03
51537, 0.05, 0.02, 0.03
51640, 0.05, 0.01, 0.04
51741, 0.06, 0.01, 0.05
51843, 0.05, 0.02, 0.03
51944, 0.05, 0.02, 0.02
52046, 0.06, 0.03, 0.03
52148, 0.05, 0.02, 0.03
52249, 0.05, 0.01, 0.03
52352, 0.05, 0.02, 0.03
52453, 0.04, 0.00, 0.04
52554, 0.05, 0.03, 0.01
52656, 0.05, 0.02, 0.03
52758, 0.05, 0.02, 0.03
52859, 0.04, 0.02, 0.02
52961, 0.05, 0.00, 0.04
53063, 0.06, 0.02, 0.04
53165, 0.05, 0.02, 0.03
53266, 0.04, 0.02, 0.02
53367, 0.05, 0.02, 0.03
53470, 0.05, 0.03, 0.02
53571, 0.06, 0.01, 0.04
53672, 0.05, 0.02, 0.02
53774, 0.06, 0.02, 0.04
53876, 0.05, 0.02, 0.03
53978, 0.05, 0.01, 0.03
54079, 0.05, 0.03, 0.02
54181, 0.05, 0.02, 0.03
54283, 0.06, 0.03, 0.02
54384, 0.05, 0.03, 0.02
54486, 0.04, 0.03, 0.01
54588, 0.05, 0.03, 0.01
54689, 0.05, 0.03, 0.02
54791, 0.06, 0.01, 0.04
54893, 0.06, 0.03, 0.03
54994, 0.05, 0.01, 0.04
55096, 0.06, 0.01, 0.04
55197, 0.05, 0.02, 0.03
55300, 0.05, 0.02, 0.03
55401, 0.04, 0.03, 0.01
55502, 0.05, 0.02, 0.03
55605, 0.05, 0.03, 0.02
55706, 0.03, 0.03, 0.00
55808, 0.05, 0.01, 0.04
55909, 0.05, 0.02, 0.03
56011, 0.04, 0.01, 0.03
56113, 0.05, 0.02, 0.02
56214, 0.05, 0.01, 0.03
56316, 0.05, 0.04, 0.01
56418, 0.05, 0.03, 0.02
56519, 0.05, 0.02, 0.03
56621, 0.05, 0.02, 0.03
56723, 0.05, 0.02, 0.02
56824, 0.05, 0.02, 0.03
56926, 0.05, 0.01, 0.04
57027, 0.05, 0.02, 0.02
57129, 0.06, 0.03, 0.03
57231, 0.05, 0.02, 0.03
57332, 0.06, 0.01, 0.04
57435, 0.05, 0.02, 0.03
57536, 0.06, 0.01, 0.04
57637, 0.05, 0.02, 0.02
57739, 0.06, 0.03, 0.03
57841, 0.05, 0.02, 0.02
57943, 0.04, 0.03, 0.01
58044, 0.05, 0.02, 0.03
58146, 0.05, 0.00, 0.05
58248, 0.05, 0.03, 0.02
58349, 0.05, 0.01, 0.04
58450, 0.05, 0.04, 0.01
58553, 0.06, 0.03, 0.03
58654, 0.05, 0.01, 0.04
58756, 0.05, 0.03, 0.01
58858, 0.06, 0.02, 0.04
58959, 0.06, 0.03, 0.03
59061, 0.05, 0.02, 0.03
59162, 0.04, 0.02, 0.02
59265, 0.05, 0.01, 0.03
59366, 0.05, 0.03, 0.02
59467, 0.05, 0.02, 0.02
59570, 0.06, 0.03, 0.03
59671, 0.05, 0.02, 0.02
59772, 0.05, 0.02, 0.03
59874, 0.05, 0.02, 0.03
59976, 0.05, 0.02, 0.02
60078, 0.05, 0.03, 0.01
60179, 0.05, 0.03, 0.02
60281, 0.06, 0.02, 0.03
60383, 0.05, 0.03, 0.02
60484, 0.05, 0.02, 0.03
60585, 0.05, 0.01, 0.04
60688, 0.05, 0.01, 0.04
60789, 0.05, 0.02, 0.03
60891, 0.05, 0.03, 0.02
60992, 0.06, 0.01, 0.04
61094, 0.05, 0.02, 0.02
61196, 0.04, 0.03, 0.01
61297, 0.05, 0.03, 0.02
61400, 0.06, 0.03, 0.03
61501, 0.06, 0.02, 0.03
61602, 0.05, 0.02, 0.03
61704, 0.05, 0.01, 0.03
61806, 0.05, 0.02, 0.03
61907, 0.05, 0.03, 0.02
62009, 0.05, 0.02, 0.03
62111, 0.05, 0.03, 0.02
62213, 0.05, 0.02, 0.03
62314, 0.06, 0.02, 0.04
62415, 0.05, 0.01, 0.04
62518, 0.05, 0.01, 0.03
62619, 0.05, 0.02, 0.03
62721, 0.05, 0.02, 0.03
62823, 0.05, 0.01, 0.03
62924, 0.05, 0.02, 0.02
63026, 0.05, 0.01, 0.04
63127, 0.05, 0.03, 0.02
63229, 0.06, 0.04, 0.02
63331, 0.05, 0.03, 0.01
63432, 0.05, 0.02, 0.02
63535, 0.05, 0.03, 0.02
63636, 0.06, 0.03, 0.03
63737, 0.05, 0.04, 0.01
63839, 0.05, 0.02, 0.03
63941, 0.06, 0.02, 0.04
64043, 0.05, 0.02, 0.03
64144, 0.05, 0.03, 0.02
64246, 0.05, 0.02, 0.02
64348, 0.04, 0.02, 0.02
64449, 0.05, 0.04, 0.01
64550, 0.06, 0.04, 0.02
64653, 0.05, 0.02, 0.03
64754, 0.06, 0.02, 0.03
64856, 0.05, 0.03, 0.02
64958, 0.04, 0.02, 0.02
65059, 0.05, 0.02, 0.03
65161, 0.05, 0.02, 0.03
65262, 0.04, 0.02, 0.02
65364, 0.05, 0.02, 0.02
65466, 0.05, 0.02, 0.02
65567, 0.05, 0.02, 0.02
65670, 0.05, 0.01, 0.04
65771, 0.05, 0.03, 0.02
65872, 0.05, 0.03, 0.02
65974, 0.05, 0.03, 0.02
66076, 0.05, 0.02, 0.03
66178, 0.05, 0.01, 0.03
66279, 0.05, 0.03, 0.02
66380, 0.05, 0.03, 0.02
66483, 0.06, 0.03, 0.02
66584, 0.06, 0.02, 0.03
66685, 0.06, 0.02, 0.04
66788, 0.05, 0.02, 0.03
66889, 0.05, 0.02, 0.03
66991, 0.05, 0.02, 0.03
67092, 0.05, 0.02, 0.03
67194, 0.06, 0.03, 0.03
67296, 0.05, 0.03, 0.02
67397, 0.06, 0.02, 0.04
67500, 0.06, 0.03, 0.03
67601, 0.05, 0.01, 0.03
67702, 0.05, 0.02, 0.02
67804, 0.06, 0.02, 0.03
67906, 0.05, 0.02, 0.02
68007, 0.05, 0.02, 0.03
68109, 0.05, 0.01, 0.03
68211, 0.05, 0.02, 0.03
68313, 0.05, 0.02, 0.03
68414, 0.06, 0.03, 0.03
68515, 0.06, 0.02, 0.04
68618, 0.06, 0.03, 0.03
68719, 0.05, 0.02, 0.03
68820, 0.05, 0.02, 0.03
68923, 0.06, 0.03, 0.03
69024, 0.05, 0.02, 0.02
69126, 0.04, 0.01, 0.03
69227, 0.06, 0.02, 0.04
69329, 0.05, 0.02, 0.03
69431, 0.04, 0.02, 0.02
69532, 0.05, 0.04, 0.01
69635, 0.05, 0.02, 0.03
69736, 0.05, 0.03, 0.02
69837, 0.05, 0.03, 0.02
69939, 0.06, 0.01, 0.04
70041, 0.05, 0.02, 0.03
70142, 0.05, 0.02, 0.03
70244, 0.05, 0.01, 0.03
70346, 0.05, 0.03, 0.02
70448, 0.05, 0.02, 0.03
70549, 0.05, 0.02, 0.03
70650, 0.06, 0.02, 0.04
70753, 0.05, 0.04, 0.01
70854, 0.05, 0.02, 0.03
70956, 0.05, 0.02, 0.03
71057, 0.05, 0.01, 0.03
71159, 0.05, 0.02, 0.02
71261, 0.06, 0.02, 0.04
71362, 0.05, 0.01, 0.03
71464, 0.05, 0.01, 0.04
71566, 0.05, 0.02, 0.02
71667, 0.04, 0.02, 0.02
71769, 0.06, 0.01, 0.05
71871, 0.06, 0.02, 0.03
71972, 0.05, 0.02, 0.03
72074, 0.05, 0.02, 0.03
72176, 0.06, 0.01, 0.04
72278, 0.05, 0.03, 0.02
72379, 0.05, 0.02, 0.02
72480, 0.05, 0.02, 0.03
72583, 0.05, 0.01, 0.04
72684, 0.05, 0.02, 0.03
72785, 0.05, 0.02, 0.03
72888, 0.06, 0.03, 0.03
72989, 0.05, 0.03, 0.02
73091, 0.05, 0.03, 0.02
73192, 0.06, 0.02, 0.04
73294, 0.05, 0.01, 0.03
73396, 0.05, 0.01, 0.04
73497, 0.04, 0.02, 0.02
73600, 0.06, 0.03, 0.03
73701, 0.06, 0.02, 0.03
73802, 0.05, 0.03, 0.02
73904, 0.05, 0.02, 0.03
74006, 0.05, 0.01, 0.03
74107, 0.05, 0.03, 0.02
74209, 0.04, 0.03, 0.01
74310, 0.05, 0.03, 0.02
74413, 0.06, 0.03, 0.03
74514, 0.06, 0.02, 0.04
74615, 0.04, 0.02, 0.01
74718, 0.05, 0.03, 0.02
74819, 0.05, 0.02, 0.02
74920, 0.05, 0.01, 0.04
75022, 0.05, 0.02, 0.03
75124, 0.06, 0.02, 0.04
75226, 0.06, 0.02, 0.04
75327, 0.05, 0.02, 0.03
75429, 0.05, 0.01, 0.04
75531, 0.05, 0.02, 0.03
75632, 0.05, 0.02, 0.03
75734, 0.05, 0.02, 0.02
75836, 0.05, 0.03, 0.02
75937, 0.06, 0.03, 0.03
76039, 0.06, 0.04, 0.02
76141, 0.05, 0.02, 0.03
76242, 0.05, 0.01, 0.03
76344, 0.05, 0.03, 0.02
76445, 0.05, 0.03, 0.02
76548, 0.05, 0.02, 0.03
76649, 0.05, 0.02, 0.03
76750, 0.05, 0.02, 0.03
76853, 0.06, 0.02, 0.04
76954, 0.05, 0.02, 0.03
77056, 0.05, 0.02, 0.03
77157, 0.06, 0.03, 0.03
77259, 0.05, 0.01, 0.03
77361, 0.05, 0.02, 0.03
77462, 0.05, 0.01, 0.04
77564, 0.06, 0.03, 0.03
77666, 0.08, 0.03, 0.05
77767, 0.05, 0.02, 0.03
77869, 0.04, 0.01, 0.03
77971, 0.05, 0.01, 0.04
78072, 0.05, 0.01, 0.03
78174, 0.05, 0.01, 0.04
78276, 0.05, 0.01, 0.04
78377, 0.05, 0.04, 0.01
78479, 0.04, 0.02, 0.02
78580, 0.05, 0.02, 0.03
78683, 0.05, 0.02, 0.03
78784, 0.05, 0.01, 0.04
78885, 0.05, 0.02, 0.03
78987, 0.05, 0.01, 0.04
79089, 0.05, 0.02, 0.03
79191, 0.05, 0.02, 0.03
79292, 0.05, 0.04, 0.01
79394, 0.05, 0.02, 0.03
79496, 0.05, 0.02, 0.03
79597, 0.05, 0.02, 0.02
79698, 0.05, 0.02, 0.02
79801, 0.05, 0.02, 0.03
79902, 0.05, 0.03, 0.02
80004, 0.06, 0.02, 0.03
80106, 0.06, 0.02, 0.03
80207, 0.05, 0.01, 0.04
80309, 0.05, 0.02, 0.03
80410, 0.05, 0.03, 0.02
80513, 0.05, 0.02, 0.02
80614, 0.05, 0.03, 0.02
80715, 0.05, 0.03, 0.02
80818, 0.05, 0.03, 0.02
80919, 0.05, 0.03, 0.01
81020, 0.06, 0.02, 0.04
81122, 0.04, 0.02, 0.02
81224, 0.05, 0.02, 0.03
81326, 0.05, 0.01, 0.03
81427, 0.05, 0.01, 0.03
81529, 0.05, 0.02, 0.03
81631, 0.05, 0.03, 0.02
81732, 0.05, 0.03, 0.02
81833, 0.05, 0.02, 0.03
81936, 0.05, 0.02, 0.03
82037, 0.05, 0.02, 0.02
82139, 0.06, 0.04, 0.02
82241, 0.05, 0.02, 0.02
82342, 0.05, 0.03, 0.02
82444, 0.05, 0.01, 0.04
82545, 0.05, 0.03, 0.02
82648, 0.06, 0.03, 0.03
82749, 0.05, 0.02, 0.03
82850, 0.05, 0.02, 0.03
82952, 0.05, 0.03, 0.02
83054, 0.06, 0.03, 0.03
83155, 0.06, 0.02, 0.04
83257, 0.06, 0.01, 0.04
83359, 0.05, 0.02, 0.03
83461, 0.05, 0.02, 0.03
83562, 0.06, 0.02, 0.04
83663, 0.05, 0.01, 0.03
83766, 0.05, 0.02, 0.03
83867, 0.04, 0.02, 0.02
83969, 0.05, 0.03, 0.02
84071, 0.06, 0.02, 0.03
84172, 0.06, 0.03, 0.03
84274, 0.05, 0.02, 0.02
84375, 0.05, 0.01, 0.03
84477, 0.05, 0.02, 0.03
84579, 0.05, 0.02, 0.03
84680, 0.06, 0.03, 0.03
84783, 0.05, 0.03, 0.02
84884, 0.04, 0.01, 0.03
84985, 0.04, 0.02, 0.02
85087, 0.06, 0.02, 0.04
85189, 0.06, 0.03, 0.03
85291, 0.06, 0.03, 0.03
85392, 0.05, 0.02, 0.03
85494, 0.05, 0.02, 0.03
85596, 0.05, 0.01, 0.04
85697, 0.05, 0.02, 0.03
85798, 0.05, 0.02, 0.02
85901, 0.06, 0.03, 0.03
86002, 0.05, 0.03, 0.02
86104, 0.04, 0.01, 0.03
86206, 0.05, 0.02, 0.03
86307, 0.05, 0.03, 0.02
86409, 0.05, 0.01, 0.03
86510, 0.05, 0.03, 0.02
86612, 0.05, 0.01, 0.03
86714, 0.05, 0.02, 0.03
86815, 0.04, 0.02, 0.02
86918, 0.04, 0.02, 0.02
87019, 0.06, 0.01, 0.04
87120, 0.05, 0.01, 0.03
87222, 0.05, 0.02, 0.03
87324, 0.06, 0.03, 0.03
87426, 0.06, 0.01, 0.04
87527, 0.04, 0.02, 0.02
87629, 0.05, 0.02, 0.03
87731, 0.05, 0.03, 0.02
87832, 0.04, 0.02, 0.02
87933, 0.05, 0.01, 0.04
88036, 0.05, 0.02, 0.03
88137, 0.06, 0.03, 0.03
88239, 0.05, 0.02, 0.03
88341, 0.05, 0.01, 0.04
88442, 0.04, 0.03, 0.01
88544, 0.05, 0.02, 0.03
88645, 0.06, 0.02, 0.04
88748, 0.05, 0.02, 0.02
88849, 0.05, 0.03, 0.02
88950, 0.05, 0.01, 0.04
89052, 0.04, 0.03, 0.01
89154, 0.05, 0.03, 0.02
89255, 0.05, 0.03, 0.01
89357, 0.06, 0.01, 0.04
89459, 0.05, 0.02, 0.03
89561, 0.06, 0.02, 0.04
89662, 0.05, 0.02, 0.03
89763, 0.06, 0.01, 0.04
89866, 0.05, 0.02, 0.03
89967, 0.05, 0.02, 0.03
90068, 0.04, 0.02, 0.02
90171, 0.04, 0.03, 0.01
90272, 0.05, 0.01, 0.04
90374, 0.04, 0.02, 0.02
90475, 0.05, 0.04, 0.01
90577, 0.06, 0.02, 0.03
90679, 0.05, 0.01, 0.04
90780, 0.05, 0.01, 0.03
90883, 0.06, 0.03, 0.03
90984, 0.06, 0.01, 0.04
91085, 0.04, 0.02, 0.02
91187, 0.05, 0.02, 0.02
91289, 0.04, 0.02, 0.02
91390, 0.05, 0.01, 0.03
91492, 0.04, 0.02, 0.02
91594, 0.05, 0.01, 0.03
91696, 0.05, 0.02, 0.03
91797, 0.05, 0.03, 0.02
91898, 0.06, 0.04, 0.02
92001, 0.05, 0.02, 0.02
92102, 0.05, 0.02, 0.02
92204, 0.05, 0.02, 0.03
92305, 0.04, 0.02, 0.02
92407, 0.06, 0.01, 0.04
92509, 0.05, 0.01, 0.04
92610, 0.04, 0.02, 0.02
92712, 0.05, 0.03, 0.02
92814, 0.05, 0.02, 0.02
92915, 0.05, 0.02, 0.03
93017, 0.05, 0.03, 0.01
93119, 0.06, 0.03, 0.02
93220, 0.06, 0.02, 0.03
93322, 0.06, 0.02, 0.04
93424, 0.05, 0.02, 0.03
93526, 0.05, 0.01, 0.04
93627, 0.05, 0.02, 0.03
93728, 0.05, 0.03, 0.02
93831, 0.04, 0.02, 0.02
93932, 0.05, 0.01, 0.04
94033, 0.05, 0.02, 0.03
94136, 0.05, 0.03, 0.02
94237, 0.04, 0.02, 0.02
94339, 0.05, 0.03, 0.01
94440, 0.05, 0.02, 0.03
94542, 0.06, 0.02, 0.04
94644, 0.05, 0.02, 0.03
94745, 0.05, 0.02, 0.03
94848, 0.06, 0.01, 0.05
94949, 0.05, 0.03, 0.02
95050, 0.05, 0.03, 0.02
95152, 0.06, 0.03, 0.03
95254, 0.05, 0.02, 0.02
95355, 0.05, 0.02, 0.03
95457, 0.05, 0.01, 0.04
95559, 0.05, 0.03, 0.02
95661, 0.04, 0.02, 0.01
95762, 0.06, 0.02, 0.03
95863, 0.06, 0.02, 0.03
95966, 0.05, 0.02, 0.02
96067, 0.05, 0.02, 0.03
96168, 0.05, 0.03, 0.02
96271, 0.06, 0.02, 0.03
96372, 0.05, 0.04, 0.01
96474, 0.06, 0.02, 0.04
96575, 0.05, 0.01, 0.04
96677, 0.06, 0.02, 0.04
96779, 0.05, 0.02, 0.03
96880, 0.05, 0.02, 0.02
96982, 0.05, 0.02, 0.03
97084, 0.06, 0.03, 0.03
97185, 0.05, 0.03, 0.02
97287, 0.06, 0.02, 0.04
97389, 0.06, 0.02, 0.04
97490, 0.06, 0.03, 0.03
97592, 0.05, 0.01, 0.03
97693, 0.05, 0.02, 0.03
97796, 0.06, 0.02, 0.04
97897, 0.05, 0.02, 0.03
97998, 0.05, 0.02, 0.02
98101, 0.05, 0.03, 0.01
98202, 0.05, 0.01, 0.03
98304, 0.05, 0.02, 0.03
98405, 0.06, 0.03, 0.03
98507, 0.05, 0.03, 0.02
98609, 0.05, 0.03, 0.02
98710, 0.05, 0.02, 0.03
98812, 0.03, 0.01, 0.02
98914, 0.05, 0.01, 0.04
99015, 0.05, 0.02, 0.03
99117, 0.06, 0.03, 0.03
99219, 0.05, 0.01, 0.04
99320, 0.05, 0.03, 0.02
99422, 0.04, 0.03, 0.01
99524, 0.06, 0.03, 0.03
99625, 0.04, 0.02, 0.02
99727, 0.05, 0.03, 0.02
99828, 0.06, 0.02, 0.04
99931, 0.05, 0.02, 0.02
100032, 0.05, 0.01, 0.04
100133, 0.06, 0.02, 0.04
100236, 0.06, 0.04, 0.02
100337, 0.05, 0.02, 0.03
100439, 0.05, 0.02, 0.03
100541, 0.07, 0.02, 0.04
100642, 0.05, 0.03, 0.02
100744, 0.05, 0.02, 0.02
100846, 0.04, 0.02, 0.02
100947, 0.06, 0.03, 0.03
101049, 0.05, 0.03, 0.02
101151, 0.05, 0.01, 0.04
101253, 0.05, 0.02, 0.03
101354, 0.06, 0.02, 0.03
101456, 0.05, 0.02, 0.03
101558, 0.05, 0.02, 0.03
101659, 0.05, 0.02, 0.03
101762, 0.05, 0.02, 0.02
101863, 0.05, 0.02, 0.03
101964, 0.06, 0.01, 0.04
102067, 0.06, 0.03, 0.03
102168, 0.06, 0.02, 0.04
102269, 0.04, 0.03, 0.01
102372, 0.05, 0.02, 0.03
102473, 0.05, 0.01, 0.04
102575, 0.05, 0.01, 0.03
102677, 0.05, 0.01, 0.03
102778, 0.06, 0.03, 0.03
102880, 0.04, 0.02, 0.02
102982, 0.04, 0.03, 0.01
103084, 0.06, 0.02, 0.03
103185, 0.05, 0.02, 0.03
103287, 0.04, 0.02, 0.02
103389, 0.05, 0.01, 0.03
103490, 0.05, 0.02, 0.03
103591, 0.05, 0.02, 0.03
103694, 0.06, 0.02, 0.04
103795, 0.05, 0.04, 0.01
103897, 0.05, 0.03, 0.02
103999, 0.05, 0.03, 0.02
104100, 0.05, 0.02, 0.03
104202, 0.06, 0.02, 0.04
104304, 0.04, 0.02, 0.02
104406, 0.04, 0.01, 0.03
104507, 0.05, 0.02, 0.02
104609, 0.05, 0.02, 0.03
104711, 0.05, 0.02, 0.03
104812, 0.05, 0.02, 0.03
104914, 0.05, 0.03, 0.02
105016, 0.06, 0.02, 0.04
105117, 0.06, 0.02, 0.04
105220, 0.05, 0.02, 0.03
105321, 0.05, 0.02, 0.03
105422, 0.06, 0.02, 0.04
105525, 0.05, 0.02, 0.02
105626, 0.05, 0.03, 0.02
105728, 0.05, 0.02, 0.03
105830, 0.05, 0.01, 0.03
105931, 0.05, 0.02, 0.03
106033, 0.06, 0.03, 0.03
106135, 0.05, 0.03, 0.02
106236, 0.06, 0.02, 0.04
106338, 0.05, 0.03, 0.02
106440, 0.05, 0.02, 0.02
106542, 0.05, 0.02, 0.03
106643, 0.06, 0.02, 0.03
106745, 0.05, 0.03, 0.02
106847, 0.05, 0.01, 0.04
106948, 0.06, 0.02, 0.04
107051, 0.05, 0.02, 0.03
107152, 0.05, 0.02, 0.02
107253, 0.06, 0.02, 0.03
107356, 0.06, 0.03, 0.03
107457, 0.04, 0.02, 0.02
107558, 0.05, 0.02, 0.02
107661, 0.05, 0.01, 0.04
107762, 0.05, 0.03, 0.01
107864, 0.05, 0.01, 0.04
107966, 0.05, 0.02, 0.03
108067, 0.05, 0.03, 0.02
108169, 0.06, 0.02, 0.03
108271, 0.06, 0.04, 0.02
108372, 0.05, 0.03, 0.02
108474, 0.05, 0.02, 0.03
108576, 0.06, 0.03, 0.03
108678, 0.05, 0.01, 0.03
108779, 0.06, 0.02, 0.04
108881, 0.05, 0.02, 0.03
108983, 0.05, 0.02, 0.03
109084, 0.05, 0.02, 0.02
109187, 0.05, 0.02, 0.03
109288, 0.06, 0.03, 0.03
109389, 0.05, 0.02, 0.03
109492, 0.05, 0.02, 0.02
109593, 0.06, 0.03, 0.03
109694, 0.05, 0.02, 0.02
109797, 0.05, 0.00, 0.05
109898, 0.05, 0.02, 0.03
110000, 0.05, 0.02, 0.03
110101, 0.05, 0.02, 0.02
110203, 0.05, 0.03, 0.02
110305, 0.05, 0.02, 0.03
110406, 0.05, 0.02, 0.03
110509, 0.05, 0.02, 0.03
110610, 0.05, 0.03, 0.02
110711, 0.05, 0.02, 0.03
110814, 0.06, 0.02, 0.04
110915, 0.06, 0.01, 0.04
111016, 0.05, 0.02, 0.03
111119, 0.05, 0.02, 0.03
111220, 0.05, 0.02, 0.02
111322, 0.05, 0.03, 0.02
111424, 0.05, 0.03, 0.02
111525, 0.06, 0.02, 0.03
111627, 0.05, 0.02, 0.03
111729, 0.06, 0.03, 0.03
111831, 0.05, 0.02, 0.03
111932, 0.05, 0.02, 0.03
112034, 0.05, 0.02, 0.02
112136, 0.04, 0.01, 0.03
112237, 0.05, 0.02, 0.02
112339, 0.06, 0.03, 0.03
112441, 0.05, 0.01, 0.04
112542, 0.06, 0.03, 0.03
112645, 0.06, 0.03, 0.03
112746, 0.04, 0.02, 0.02
112847, 0.05, 0.01, 0.04
112950, 0.06, 0.03, 0.03
113051, 0.05, 0.03, 0.02
113153, 0.05, 0.01, 0.03
113255, 0.05, 0.03, 0.02
113356, 0.05, 0.02, 0.03
113458, 0.05, 0.02, 0.03
113560, 0.05, 0.03, 0.02
113661, 0.05, 0.02, 0.03
113763, 0.05, 0.01, 0.04
113865, 0.05, 0.03, 0.02
113967, 0.04, 0.02, 0.02
114068, 0.05, 0.01, 0.04
114170, 0.05, 0.03, 0.02
114272, 0.05, 0.02, 0.03
114373, 0.05, 0.01, 0.03
114476, 0.06, 0.04, 0.02
114577, 0.06, 0.04, 0.02
114678, 0.05, 0.02, 0.02
114781, 0.04, 0.02, 0.02
114882, 0.05, 0.02, 0.03
114983, 0.06, 0.03, 0.03
115086, 0.05, 0.01, 0.04
115187, 0.06, 0.01, 0.04
115289, 0.06, 0.02, 0.04
115391, 0.05, 0.02, 0.03
115492, 0.05, 0.02, 0.03
115594, 0.05, 0.03, 0.02
115696, 0.04, 0.02, 0.02
115798, 0.05, 0.01, 0.04
115899, 0.06, 0.03, 0.03
116001, 0.05, 0.02, 0.03
116103, 0.05, 0.02, 0.03
116204, 0.05, 0.01, 0.04
116306, 0.06, 0.01, 0.04
116408, 0.06, 0.02, 0.04
116509, 0.06, 0.02, 0.04
116612, 0.04, 0.02, 0.02
116713, 0.05, 0.02, 0.02
116814, 0.06, 0.03, 0.03
116917, 0.05, 0.04, 0.01
117018, 0.05, 0.02, 0.02
117120, 0.06, 0.02, 0.04
117222, 0.05, 0.02, 0.02
117323, 0.04, 0.02, 0.02
117425, 0.05, 0.02, 0.02
117527, 0.06, 0.02, 0.04
117628, 0.06, 0.03, 0.03
117730, 0.05, 0.02, 0.03
117832, 0.06, 0.03, 0.03
117934, 0.05, 0.02, 0.03
118035, 0.05, 0.02, 0.03
118137, 0.05, 0.02, 0.02
118239, 0.06, 0.02, 0.04
118340, 0.05, 0.02, 0.03
118443, 0.05, 0.02, 0.03
118544, 0.05, 0.03, 0.02
118645, 0.05, 0.01, 0.04
118748, 0.05, 0.02, 0.03
118849, 0.06, 0.03, 0.03
118950, 0.06, 0.04, 0.02
119053, 0.04, 0.03, 0.01
119154, 0.06, 0.02, 0.03
119256, 0.05, 0.03, 0.02
119358, 0.04, 0.01, 0.03
119459, 0.05, 0.02, 0.03
119561, 0.06, 0.03, 0.03
119663, 0.06, 0.03, 0.03
119764, 0.05, 0.01, 0.03
119866, 0.05, 0.03, 0.02
119968, 0.06, 0.03, 0.03
120070, 0.04, 0.01, 0.03
120171, 0.05, 0.02, 0.03
120273, 0.06, 0.03, 0.02
120375, 0.04, 0.02, 0.02
120476, 0.06, 0.01, 0.04
120579, 0.06, 0.03, 0.03
120680, 0.05, 0.02, 0.03
120781, 0.05, 0.02, 0.03
120884, 0.05, 0.03, 0.02
120985, 0.06, 0.02, 0.03
121086, 0.05, 0.01, 0.04
121189, 0.05, 0.03, 0.02
121290, 0.05, 0.02, 0.03
121392, 0.06, 0.02, 0.03
121494, 0.05, 0.03, 0.02
121595, 0.05, 0.02, 0.03
121697, 0.06, 0.02, 0.03
121799, 0.05, 0.02, 0.03
121901, 0.05, 0.02, 0.03
122002, 0.06, 0.01, 0.04
122104, 0.05, 0.03, 0.01
122206, 0.05, 0.02, 0.03
122307, 0.06, 0.02, 0.03
122409, 0.05, 0.02, 0.02
122511, 0.06, 0.02, 0.04
122612, 0.06, 0.02, 0.04
122715, 0.05, 0.03, 0.02
122816, 0.06, 0.02, 0.04
122917, 0.06, 0.02, 0.04
123020, 0.04, 0.02, 0.02
123121, 0.05, 0.02, 0.03
123223, 0.06, 0.02, 0.03
123324, 0.05, 0.02, 0.03
123426, 0.05, 0.03, 0.02
123528, 0.05, 0.03, 0.02
123629, 0.04, 0.02, 0.02
123731, 0.04, 0.01, 0.03
123833, 0.06, 0.03, 0.03
123934, 0.05, 0.02, 0.03
124037, 0.05, 0.02, 0.03
124138, 0.05, 0.02, 0.03
124239, 0.04, 0.03, 0.01
124342, 0.05, 0.02, 0.03
124443, 0.06, 0.02, 0.04
124545, 0.06, 0.02, 0.03
124647, 0.05, 0.02, 0.02
124748, 0.06, 0.02, 0.03
124850, 0.05, 0.03, 0.02
124952, 0.05, 0.02, 0.03
125053, 0.05, 0.01, 0.04
125155, 0.05, 0.02, 0.03
125257, 0.06, 0.02, 0.04
125359, 0.06, 0.02, 0.04
125460, 0.05, 0.01, 0.04
125562, 0.05, 0.02, 0.03
125664, 0.06, 0.03, 0.03
125765, 0.05, 0.02, 0.03
125868, 0.05, 0.02, 0.03
125969, 0.05, 0.01, 0.03
126070, 0.06, 0.03, 0.03
126173, 0.05, 0.01, 0.04
126274, 0.04, 0.03, 0.01
126375, 0.05, 0.02, 0.02
126478, 0.06, 0.03, 0.03
126579, 0.05, 0.03, 0.02
126681, 0.05, 0.02, 0.03
126783, 0.05, 0.03, 0.02
126884, 0.05, 0.03, 0.02
126986, 0.06, 0.02, 0.04
127088, 0.05, 0.01, 0.04
127190, 0.05, 0.02, 0.03
127291, 0.05, 0.02, 0.03
127393, 0.05, 0.02, 0.03
127495, 0.05, 0.03, 0.02
127596, 0.05, 0.03, 0.02
127698, 0.05, 0.02, 0.03
127800, 0.05, 0.02, 0.03
127901, 0.05, 0.03, 0.02
128004, 0.06, 0.02, 0.04
128105, 0.05, 0.02, 0.03
128206, 0.05, 0.01, 0.03
128309, 0.05, 0.01, 0.03
128410, 0.06, 0.02, 0.04
128512, 0.06, 0.02, 0.03
128614, 0.04, 0.03, 0.01
128715, 0.05, 0.02, 0.03
128817, 0.05, 0.02, 0.03
128919, 0.05, 0.03, 0.02
129020, 0.06, 0.02, 0.04
129122, 0.05, 0.02, 0.03
129224, 0.05, 0.02, 0.03
129326, 0.06, 0.02, 0.03
129427, 0.05, 0.02, 0.03
129529, 0.05, 0.03, 0.02
129631, 0.05, 0.00, 0.05
129732, 0.05, 0.02, 0.03
129835, 0.05, 0.02, 0.02
129936, 0.05, 0.01, 0.04
130037, 0.05, 0.04, 0.01
130140, 0.05, 0.02, 0.03
130241, 0.05, 0.01, 0.04
130342, 0.06, 0.03, 0.03
130445, 0.05, 0.02, 0.03
130546, 0.06, 0.02, 0.03
130648, 0.06, 0.02, 0.04
130749, 0.05, 0.02, 0.02
130851, 0.06, 0.03, 0.03
130953, 0.05, 0.02, 0.03
131054, 0.06, 0.03, 0.02
131156, 0.05, 0.02, 0.02
131258, 0.05, 0.03, 0.02
131359, 0.06, 0.02, 0.03
131462, 0.05, 0.01, 0.04
131563, 0.05, 0.02, 0.03
131664, 0.05, 0.02, 0.03
131767, 0.05, 0.01, 0.04
131868, 0.05, 0.01, 0.04
131970, 0.05, 0.03, 0.02
132072, 0.06, 0.02, 0.04
132173, 0.04, 0.02, 0.02
132275, 0.05, 0.03, 0.02
132377, 0.05, 0.02, 0.03
132478, 0.06, 0.02, 0.04
132580, 0.05, 0.03, 0.01
132682, 0.05, 0.02, 0.03
132784, 0.06, 0.02, 0.03
132885, 0.06, 0.03, 0.03
132987, 0.06, 0.02, 0.04
133089, 0.05, 0.02, 0.03
133190, 0.05, 0.03, 0.01
133293, 0.05, 0.03, 0.02
133394, 0.06, 0.02, 0.04
133495, 0.05, 0.02, 0.03
133598, 0.06, 0.02, 0.04
133699, 0.04, 0.04, 0.00
133800, 0.06, 0.02, 0.04
133903, 0.04, 0.01, 0.03
134004, 0.05, 0.02, 0.03
134106, 0.05, 0.03, 0.02
134208, 0.05, 0.01, 0.04
134309, 0.05, 0.03, 0.02
134411, 0.05, 0.02, 0.02
134513, 0.05, 0.02, 0.02
134615, 0.04, 0.01, 0.03
134716, 0.05, 0.02, 0.03
134818, 0.06, 0.02, 0.04
134920, 0.05, 0.01, 0.04
135021, 0.05, 0.02, 0.02
135123, 0.05, 0.03, 0.02
135225, 0.05, 0.04, 0.01
135326, 0.05, 0.02, 0.03
135429, 0.05, 0.03, 0.02
135530, 0.05, 0.03, 0.02
135631, 0.05, 0.01, 0.04
135734, 0.05, 0.02, 0.03
135835, 0.05, 0.02, 0.03
135937, 0.06, 0.01, 0.04
136039, 0.05, 0.02, 0.02
136140, 0.05, 0.03, 0.02
136242, 0.06, 0.02, 0.03
136344, 0.05, 0.02, 0.03
136445, 0.05, 0.03, 0.02
136547, 0.05, 0.02, 0.03
136649, 0.05, 0.02, 0.02
136751, 0.05, 0.02, 0.02
136852, 0.05, 0.02, 0.03
136954, 0.06, 0.03, 0.03
137056, 0.05, 0.01, 0.03
137157, 0.06, 0.01, 0.04
137260, 0.05, 0.02, 0.03
137361, 0.05, 0.03, 0.02
137462, 0.05, 0.01, 0.04
137565, 0.06, 0.03, 0.02
137666, 0.06, 0.02, 0.03
137767, 0.05, 0.02, 0.02
137870, 0.05, 0.01, 0.03
137971, 0.06, 0.03, 0.03
138073, 0.06, 0.02, 0.04
138175, 0.05, 0.00, 0.04
138276, 0.05, 0.02, 0.02
138378, 0.06, 0.02, 0.04
138480, 0.05, 0.02, 0.03
138582, 0.06, 0.03, 0.03
138683, 0.05, 0.02, 0.03
138784, 0.06, 0.02, 0.03
138887, 0.05, 0.02, 0.03
138988, 0.06, 0.02, 0.03
139089, 0.06, 0.02, 0.03
139192, 0.05, 0.01, 0.04
139293, 0.06, 0.03, 0.03
139395, 0.05, 0.01, 0.03
139497, 0.05, 0.03, 0.02
139598, 0.05, 0.02, 0.03
139700, 0.05, 0.02, 0.03
139802, 0.05, 0.02, 0.03
139904, 0.06, 0.02, 0.04
140005, 0.05, 0.02, 0.03
140107, 0.05, 0.02, 0.03
140209, 0.05, 0.02, 0.03
140310, 0.05, 0.01, 0.04
140412, 0.06, 0.03, 0.03
140514, 0.05, 0.03, 0.02
140615, 0.05, 0.02, 0.03
140718, 0.06, 0.03, 0.03
140819, 0.05, 0.02, 0.02
140920, 0.05, 0.02, 0.03
141023, 0.05, 0.03, 0.02
141124, 0.06, 0.02, 0.04
141225, 0.05, 0.00, 0.04
141328, 0.05, 0.02, 0.03
141429, 0.05, 0.02, 0.03
141531, 0.06, 0.01, 0.05
141633, 0.05, 0.03, 0.02
141734, 0.05, 0.03, 0.02
141836, 0.05, 0.02, 0.03
141938, 0.05, 0.02, 0.02
142040, 0.05, 0.03, 0.02
142141, 0.05, 0.03, 0.02
142243, 0.06, 0.01, 0.04
142345, 0.05, 0.03, 0.02
142446, 0.05, 0.02, 0.03
142548, 0.05, 0.03, 0.02
142650, 0.05, 0.03, 0.02
142751, 0.04, 0.03, 0.01
142854, 0.05, 0.02, 0.03
142955, 0.05, 0.02, 0.03
143056, 0.05, 0.04, 0.01
143159, 0.05, 0.03, 0.02
143260, 0.06, 0.03, 0.03
143362, 0.04, 0.03, 0.01
143464, 0.06, 0.03, 0.03
143565, 0.06, 0.02, 0.04
143667, 0.05, 0.01, 0.04
143769, 0.05, 0.03, 0.02
143870, 0.06, 0.01, 0.04
143972, 0.06, 0.02, 0.03
144074, 0.06, 0.03, 0.03
144176, 0.06, 0.02, 0.03
144277, 0.05, 0.02, 0.03
144379, 0.06, 0.03, 0.03
144481, 0.05, 0.03, 0.02
144582, 0.04, 0.01, 0.03
144685, 0.06, 0.03, 0.03
144786, 0.05, 0.02, 0.03
144887, 0.05, 0.01, 0.03
144990, 0.05, 0.03, 0.02
145091, 0.06, 0.04, 0.02
145192, 0.06, 0.02, 0.04
145295, 0.05, 0.02, 0.02
145396, 0.05, 0.02, 0.03
145498, 0.06, 0.02, 0.04
145600, 0.05, 0.02, 0.02
145701, 0.06, 0.02, 0.03
145803, 0.05, 0.02, 0.03
145905, 0.05, 0.02, 0.03
146007, 0.05, 0.02, 0.03
146108, 0.05, 0.02, 0.03
146210, 0.06, 0.04, 0.02
146312, 0.04, 0.02, 0.02
146413, 0.05, 0.01, 0.04
146515, 0.05, 0.02, 0.03
146617, 0.05, 0.03, 0.02
146718, 0.06, 0.03, 0.03
146821, 0.06, 0.01, 0.05
146922, 0.05, 0.01, 0.04
147023, 0.05, 0.03, 0.02
147126, 0.05, 0.02, 0.03
147227, 0.05, 0.02, 0.03
147329, 0.05, 0.03, 0.02
147431, 0.06, 0.03, 0.03
147532, 0.05, 0.02, 0.03
147634, 0.04, 0.03, 0.01
147736, 0.05, 0.03, 0.02
147837, 0.05, 0.02, 0.03
147939, 0.06, 0.03, 0.03
148041, 0.05, 0.02, 0.03
148143, 0.06, 0.02, 0.03
148244, 0.05, 0.02, 0.03
148346, 0.05, 0.02, 0.02
148448, 0.06, 0.02, 0.03
148549, 0.06, 0.04, 0.02
148652, 0.05, 0.02, 0.02
148753, 0.05, 0.03, 0.02
148854, 0.05, 0.03, 0.02
148957, 0.06, 0.02, 0.04
149058, 0.06, 0.02, 0.03
149159, 0.05, 0.01, 0.03
149262, 0.05, 0.02, 0.03
149363, 0.05, 0.02, 0.03
149465, 0.05, 0.02, 0.03
149567, 0.06, 0.02, 0.04
149668, 0.06, 0.02, 0.04
149770, 0.06, 0.02, 0.03
149872, 0.05, 0.02, 0.03
149974, 0.06, 0.01, 0.04
150075, 0.06, 0.02, 0.04
150177, 0.05, 0.01, 0.03
150279, 0.06, 0.01, 0.04
150380, 0.06, 0.03, 0.03
150482, 0.05, 0.02, 0.03
150584, 0.05, 0.01, 0.04
150685, 0.06, 0.02, 0.04
150788, 0.06, 0.02, 0.03
150889, 0.05, 0.02, 0.02
150990, 0.06, 0.02, 0.03
151093, 0.05, 0.01, 0.04
151194, 0.05, 0.03, 0.02
151296, 0.06, 0.02, 0.04
151398, 0.05, 0.02, 0.03
151499, 0.05, 0.03, 0.02
151601, 0.06, 0.02, 0.03
151702, 0.06, 0.02, 0.03
151804, 0.05, 0.02, 0.03
151906, 0.04, 0.02, 0.02
152007, 0.06, 0.03, 0.03
152110, 0.04, 0.01, 0.03
152211, 0.06, 0.02, 0.04
152312, 0.07, 0.04, 0.03
152415, 0.05, 0.02, 0.03
152516, 0.05, 0.03, 0.02
152617, 0.06, 0.03, 0.03
152720, 0.04, 0.02, 0.02
152821, 0.05, 0.02, 0.02
152923, 0.06, 0.02, 0.03
153025, 0.05, 0.02, 0.03
153126, 0.05, 0.02, 0.02
153228, 0.05, 0.03, 0.02
153330, 0.05, 0.03, 0.01
153432, 0.04, 0.02, 0.02
153533, 0.06, 0.03, 0.03
153635, 0.04, 0.02, 0.02
153737, 0.05, 0.01, 0.04
153838, 0.05, 0.02, 0.02
153940, 0.05, 0.01, 0.04
154042, 0.05, 0.02, 0.03
154143, 0.04, 0.02, 0.02
154246, 0.05, 0.02, 0.03
154347, 0.05, 0.01, 0.04
154448, 0.06, 0.02, 0.03
154551, 0.05, 0.02, 0.02
154652, 0.05, 0.01, 0.04
154754, 0.05, 0.03, 0.02
154856, 0.06, 0.02, 0.04
154957, 0.05, 0.02, 0.03
155059, 0.06, 0.01, 0.05
155161, 0.05, 0.02, 0.03
155262, 0.06, 0.02, 0.04
155364, 0.06, 0.02, 0.03
155466, 0.06, 0.03, 0.03
155568, 0.06, 0.03, 0.03
155669, 0.06, 0.03, 0.03
155771, 0.05, 0.02, 0.03
155873, 0.06, 0.03, 0.03
155974, 0.06, 0.03, 0.03
156077, 0.06, 0.02, 0.04
156178, 0.06, 0.02, 0.03
156279, 0.05, 0.02, 0.03
156382, 0.05, 0.02, 0.02
156483, 0.06, 0.02, 0.04
156584, 0.06, 0.01, 0.04
156687, 0.05, 0.03, 0.02
156788, 0.06, 0.02, 0.03
156890, 0.05, 0.02, 0.03
156992, 0.05, 0.03, 0.02
157093, 0.05, 0.03, 0.02
157195, 0.05, 0.02, 0.02
157297, 0.05, 0.02, 0.03
157399, 0.06, 0.02, 0.04
157500, 0.05, 0.02, 0.03
157602, 0.05, 0.01, 0.04
157704, 0.06, 0.02, 0.03
157805, 0.06, 0.03, 0.03
157907, 0.06, 0.02, 0.03
158009, 0.05, 0.01, 0.04
158110, 0.06, 0.03, 0.03
158213, 0.05, 0.03, 0.02
158314, 0.06, 0.02, 0.03
158415, 0.05, 0.05, -0.00
158518, 0.06, 0.02, 0.04
158619, 0.06, 0.01, 0.05
158721, 0.05, 0.01, 0.04
158823, 0.06, 0.02, 0.04
158924, 0.05, 0.03, 0.02
159026, 0.05, 0.02, 0.03
159128, 0.05, 0.02, 0.02
159229, 0.05, 0.02, 0.03
159331, 0.06, 0.02, 0.04
159433, 0.05, 0.02, 0.02
159535, 0.05, 0.01, 0.04
159636, 0.05, 0.01, 0.04
159738, 0.05, 0.02, 0.02
159840, 0.05, 0.01, 0.04
159941, 0.05, 0.03, 0.02
160044, 0.05, 0.02, 0.03
160145, 0.06, 0.04, 0.02
160246, 0.05, 0.01, 0.03
160349, 0.05, 0.02, 0.03
160450, 0.05, 0.03, 0.02
160551, 0.05, 0.02, 0.03
160654, 0.05, 0.03, 0.02
160755, 0.05, 0.03, 0.02
160857, 0.05, 0.02, 0.03
160958, 0.05, 0.02, 0.02
161060, 0.06, 0.02, 0.04
161162, 0.05, 0.03, 0.02
161263, 0.05, 0.02, 0.03
161366, 0.05, 0.02, 0.03
161467, 0.07, 0.02, 0.04
161568, 0.05, 0.03, 0.02
161671, 0.05, 0.02, 0.02
161772, 0.05, 0.02, 0.03
161873, 0.05, 0.02, 0.03
161976, 0.05, 0.03, 0.01
162077, 0.06, 0.02, 0.03
162179, 0.06, 0.03, 0.03
162281, 0.06, 0.03, 0.03
162382, 0.06, 0.03, 0.03
162484, 0.05, 0.02, 0.03
162586, 0.06, 0.03, 0.03
162688, 0.06, 0.03, 0.03
162789, 0.05, 0.03, 0.02
162891, 0.05, 0.01, 0.04
162993, 0.05, 0.02, 0.03
163094, 0.05, 0.02, 0.02
163196, 0.05, 0.02, 0.03
163298, 0.05, 0.03, 0.02
163399, 0.05, 0.02, 0.03
163502, 0.05, 0.03, 0.02
163603, 0.06, 0.03, 0.03
163704, 0.04, 0.02, 0.02
163807, 0.05, 0.02, 0.03
163908, 0.05, 0.03, 0.02
164009, 0.05, 0.02, 0.02
164112, 0.05, 0.03, 0.02
164213, 0.05, 0.02, 0.03
164315, 0.06, 0.03, 0.03
164417, 0.05, 0.02, 0.03
164518, 0.05, 0.03, 0.02
164620, 0.06, 0.02, 0.03
164722, 0.05, 0.01, 0.03
164824, 0.05, 0.01, 0.04
164925, 0.06, 0.02, 0.03
165027, 0.05, 0.01, 0.03
165129, 0.05, 0.03, 0.02
165230, 0.06, 0.03, 0.03
165332, 0.06, 0.02, 0.03
165434, 0.05, 0.02, 0.03
165535, 0.05, 0.03, 0.02
165638, 0.05, 0.02, 0.03
165739, 0.05, 0.02, 0.03
165840, 0.06, 0.02, 0.04
165943, 0.05, 0.02, 0.02
166044, 0.05, 0.01, 0.04
166146, 0.06, 0.01, 0.04
166248, 0.06, 0.02, 0.04
166349, 0.05, 0.02, 0.03
166451, 0.06, 0.02, 0.03
166553, 0.05, 0.03, 0.02
166654, 0.06, 0.04, 0.01
166756, 0.05, 0.02, 0.03
166858, 0.05, 0.03, 0.02
166960, 0.06, 0.03, 0.03
167061, 0.05, 0.02, 0.03
167163, 0.05, 0.02, 0.03
167265, 0.06, 0.02, 0.04
167366, 0.05, 0.02, 0.03
167469, 0.05, 0.03, 0.02
167570, 0.06, 0.02, 0.04
167671, 0.05, 0.02, 0.03
167774, 0.05, 0.03, 0.02
167875, 0.06, 0.02, 0.03
167976, 0.06, 0.02, 0.04
168079, 0.04, 0.03, 0.01
168180, 0.05, 0.02, 0.02
168282, 0.04, 0.00, 0.04
168384, 0.05, 0.02, 0.03
168485, 0.06, 0.02, 0.03
168587, 0.05, 0.03, 0.02
168689, 0.05, 0.02, 0.03
168791, 0.05, 0.02, 0.02
168892, 0.06, 0.03, 0.02
168994, 0.05, 0.02, 0.03
169096, 0.04, 0.02, 0.02
169197, 0.06, 0.02, 0.04
169299, 0.05, 0.01, 0.04
169401, 0.05, 0.03, 0.02
169502, 0.06, 0.01, 0.04
169605, 0.05, 0.02, 0.03
169706, 0.05, 0.03, 0.02
169807, 0.06, 0.02, 0.04
169909, 0.05, 0.03, 0.02
170011, 0.06, 0.02, 0.03
170113, 0.05, 0.03, 0.02
170214, 0.04, 0.01, 0.03
170316, 0.06, 0.02, 0.03
170418, 0.05, 0.02, 0.03
170519, 0.05, 0.02, 0.03
170621, 0.06, 0.03, 0.03
170723, 0.05, 0.02, 0.03
170824, 0.06, 0.01, 0.05
170927, 0.06, 0.03, 0.03
171028, 0.05, 0.03, 0.02
171129, 0.05, 0.03, 0.02
171232, 0.06, 0.01, 0.04
171333, 0.05, 0.02, 0.02
171435, 0.05, 0.03, 0.02
171537, 0.06, 0.01, 0.04
171638, 0.05, 0.03, 0.02
171740, 0.04, 0.03, 0.01
171842, 0.05, 0.01, 0.04
171943, 0.06, 0.03, 0.03
172045, 0.04, 0.04, 0.00
172147, 0.06, 0.02, 0.03
172249, 0.04, 0.02, 0.01
172350, 0.06, 0.02, 0.04
172452, 0.05, 0.02, 0.02
172554, 0.05, 0.02, 0.03
172655, 0.05, 0.02, 0.03
172758, 0.05, 0.02, 0.03
172859, 0.05, 0.02, 0.03
172960, 0.05, 0.03, 0.02
173063, 0.05, 0.03, 0.02
173164, 0.05, 0.03, 0.02
173265, 0.06, 0.03, 0.03
173368, 0.05, 0.01, 0.03
173469, 0.05, 0.02, 0.03
173571, 0.05, 0.02, 0.03
173673, 0.05, 0.01, 0.04
173774, 0.06, 0.03, 0.03
173876, 0.05, 0.02, 0.03
173978, 0.05, 0.03, 0.02
174080, 0.06, 0.03, 0.03
174181, 0.05, 0.02, 0.03
174283, 0.05, 0.02, 0.03
174385, 0.06, 0.02, 0.04
174486, 0.05, 0.01, 0.04
174588, 0.05, 0.02, 0.03
174690, 0.05, 0.03, 0.02
174791, 0.06, 0.02, 0.03
174894, 0.05, 0.01, 0.03
174995, 0.05, 0.02, 0.02
175096, 0.05, 0.03, 0.02
175199, 0.05, 0.03, 0.02
175300, 0.06, 0.02, 0.03
175401, 0.05, 0.02, 0.02
175504, 0.05, 0.02, 0.03
175605, 0.05, 0.03, 0.02
175707, 0.06, 0.03, 0.03
175809, 0.05, 0.02, 0.03
175910, 0.04, 0.02, 0.02
176012, 0.05, 0.03, 0.02
176114, 0.05, 0.02, 0.03
176216, 0.06, 0.03, 0.03
176317, 0.06, 0.02, 0.03
176419, 0.05, 0.02, 0.03
176521, 0.05, 0.03, 0.02
176622, 0.05, 0.03, 0.02
176724, 0.05, 0.03, 0.02
176826, 0.05, 0.02, 0.02
176927, 0.06, 0.03, 0.03
177030, 0.05, 0.02, 0.03
177131, 0.05, 0.03, 0.02
177232, 0.06, 0.02, 0.03
177335, 0.05, 0.03, 0.02
177436, 0.05, 0.02, 0.03
177538, 0.05, 0.03, 0.02
177640, 0.06, 0.03, 0.03
177741, 0.05, 0.01, 0.04
177843, 0.06, 0.01, 0.05
177945, 0.06, 0.03, 0.03
178046, 0.05, 0.02, 0.03
178148, 0.05, 0.01, 0.04
178250, 0.05, 0.02, 0.03
178352, 0.06, 0.03, 0.03
178453, 0.05, 0.03, 0.02
178555, 0.05, 0.03, 0.02
178657, 0.06, 0.02, 0.03
178758, 0.05, 0.02, 0.03
178861, 0.06, 0.03, 0.03
178962, 0.06, 0.03, 0.03
179063, 0.05, 0.04, 0.01
179166, 0.05, 0.01, 0.04
179267, 0.05, 0.02, 0.03
179368, 0.06, 0.03, 0.02
179471, 0.05, 0.02, 0.03
179572, 0.05, 0.01, 0.04
179674, 0.05, 0.01, 0.04
179776, 0.05, 0.02, 0.02
179877, 0.06, 0.02, 0.04
179979, 0.05, 0.02, 0.03
180081, 0.05, 0.01, 0.03
180183, 0.05, 0.03, 0.02
180284, 0.04, 0.02, 0.02
180386, 0.05, 0.03, 0.02
180488, 0.06, 0.03, 0.03
180589, 0.06, 0.03, 0.03
180691, 0.05, 0.01, 0.03
180793, 0.05, 0.03, 0.02
180894, 0.05, 0.03, 0.02
180996, 0.05, 0.02, 0.03
181098, 0.06, 0.02, 0.04
181199, 0.06, 0.02, 0.03
181301, 0.06, 0.03, 0.03
181403, 0.05, 0.02, 0.02
181505, 0.05, 0.02, 0.03
181606, 0.05, 0.04, 0.01
181708, 0.05, 0.02, 0.02
181810, 0.05, 0.02, 0.03
181911, 0.05, 0.04, 0.01
182013, 0.05, 0.03, 0.02
182115, 0.05, 0.02, 0.03
182216, 0.05, 0.02, 0.03
182319, 0.05, 0.01, 0.03
182420, 0.05, 0.01, 0.04
182521, 0.05, 0.03, 0.02
182624, 0.06, 0.03, 0.03
182725, 0.05, 0.02, 0.03
182827, 0.05, 0.03, 0.02
182929, 0.05, 0.03, 0.02
183030, 0.06, 0.03, 0.03
183132, 0.05, 0.02, 0.03
183234, 0.05, 0.03, 0.02
183335, 0.05, 0.02, 0.02
183437, 0.05, 0.02, 0.03
183539, 0.06, 0.02, 0.03
183641, 0.06, 0.04, 0.02
183742, 0.06, 0.02, 0.04
183844, 0.05, 0.02, 0.03
183946, 0.06, 0.03, 0.02
184047, 0.06, 0.02, 0.04
184150, 0.05, 0.03, 0.02
184251, 0.05, 0.03, 0.02
184352, 0.05, 0.02, 0.03
184455, 0.06, 0.02, 0.04
184556, 0.05, 0.02, 0.03
184657, 0.06, 0.02, 0.03
184760, 0.06, 0.02, 0.03
184861, 0.05, 0.02, 0.03
184963, 0.05, 0.01, 0.04
185065, 0.06, 0.03, 0.03
185166, 0.06, 0.02, 0.03
185268, 0.05, 0.03, 0.02
185370, 0.05, 0.03, 0.02
185472, 0.05, 0.02, 0.02
185573, 0.06, 0.02, 0.04
185675, 0.05, 0.03, 0.02
185777, 0.05, 0.02, 0.03
185878, 0.05, 0.02, 0.03
185980, 0.05, 0.03, 0.02
186082, 0.06, 0.02, 0.04
186183, 0.05, 0.03, 0.02
186286, 0.05, 0.02, 0.02
186387, 0.05, 0.02, 0.03
186488, 0.06, 0.03, 0.03
186591, 0.06, 0.02, 0.03
186692, 0.05, 0.02, 0.03
186793, 0.06, 0.02, 0.03
186896, 0.06, 0.02, 0.04
186997, 0.05, 0.02, 0.03
187099, 0.05, 0.03, 0.02
187201, 0.05, 0.02, 0.03
187302, 0.05, 0.03, 0.02
187404, 0.05, 0.03, 0.02
187506, 0.06, 0.02, 0.04
187608, 0.05, 0.02, 0.03
187709, 0.05, 0.02, 0.02
187811, 0.05, 0.02, 0.03
187913, 0.06, 0.02, 0.03
188014, 0.05, 0.02, 0.02
188116, 0.05, 0.02, 0.03
188218, 0.05, 0.02, 0.03
188319, 0.05, 0.03, 0.02
188422, 0.04, 0.03, 0.01
188523, 0.06, 0.02, 0.03
188624, 0.05, 0.03, 0.02
188727, 0.05, 0.02, 0.03
188828, 0.05, 0.01, 0.04
188930, 0.06, 0.02, 0.04
189032, 0.05, 0.02, 0.03
189133, 0.05, 0.01, 0.04
189235, 0.06, 0.00, 0.06
189337, 0.06, 0.04, 0.02
189438, 0.05, 0.02, 0.03
189540, 0.06, 0.02, 0.04
189642, 0.06, 0.03, 0.03
189744, 0.06, 0.02, 0.03
189845, 0.05, 0.02, 0.03
189946, 0.06, 0.02, 0.04
190049, 0.06, 0.02, 0.04
190150, 0.06, 0.01, 0.04
190252, 0.05, 0.03, 0.02
190354, 0.06, 0.02, 0.03
190455, 0.06, 0.03, 0.02
190557, 0.05, 0.01, 0.04
190659, 0.06, 0.03, 0.03
190760, 0.05, 0.03, 0.02
190862, 0.06, 0.02, 0.04
190964, 0.06, 0.03, 0.03
191066, 0.06, 0.03, 0.03
191167, 0.05, 0.03, 0.02
191269, 0.06, 0.03, 0.03
191371, 0.06, 0.02, 0.04
191472, 0.06, 0.02, 0.03
191575, 0.05, 0.02, 0.03
191676, 0.06, 0.04, 0.02
191777, 0.05, 0.01, 0.04
191880, 0.05, 0.03, 0.02
191981, 0.06, 0.04, 0.02
192082, 0.05, 0.01, 0.04
192185, 0.05, 0.02, 0.03
192286, 0.05, 0.02, 0.03
192388, 0.05, 0.02, 0.03
192490, 0.05, 0.01, 0.04
192591, 0.05, 0.02, 0.03
192693, 0.06, 0.02, 0.04
192795, 0.05, 0.02, 0.03
192897, 0.05, 0.03, 0.02
192998, 0.06, 0.02, 0.03
193100, 0.06, 0.03, 0.03
193202, 0.05, 0.01, 0.04
193303, 0.06, 0.01, 0.05
193405, 0.06, 0.03, 0.03
193507, 0.06, 0.02, 0.04
193608, 0.05, 0.01, 0.04
193711, 0.06, 0.01, 0.05
193812, 0.05, 0.03, 0.02
193913, 0.06, 0.03, 0.03
194016, 0.05, 0.02, 0.03
194117, 0.05, 0.03, 0.02
194219, 0.05, 0.02, 0.03
194321, 0.05, 0.02, 0.03
194422, 0.05, 0.03, 0.02
194524, 0.05, 0.01, 0.04
194626, 0.05, 0.03, 0.02
194727, 0.05, 0.02, 0.03
194829, 0.03, 0.03, 0.00
194931, 0.05, 0.02, 0.03
195033, 0.05, 0.03, 0.02
195134, 0.05, 0.01, 0.03
195236, 0.05, 0.03, 0.02
195338, 0.06, 0.03, 0.03
195439, 0.05, 0.02, 0.03
195542, 0.05, 0.01, 0.04
195643, 0.05, 0.03, 0.02
195744, 0.05, 0.03, 0.02
195847, 0.05, 0.03, 0.02
195948, 0.05, 0.02, 0.02
196049, 0.06, 0.02, 0.04
196152, 0.06, 0.04, 0.02
196253, 0.05, 0.03, 0.02
196355, 0.04, 0.01, 0.03
196457, 0.06, 0.03, 0.03
196558, 0.05, 0.02, 0.03
196660, 0.05, 0.01, 0.04
196762, 0.06, 0.02, 0.03
196864, 0.06, 0.02, 0.03
196965, 0.06, 0.02, 0.04
197067, 0.06, 0.02, 0.04
197169, 0.06, 0.03, 0.02
197270, 0.05, 0.03, 0.02
197372, 0.05, 0.02, 0.03
197474, 0.04, 0.01, 0.03
197575, 0.05, 0.02, 0.03
197678, 0.05, 0.02, 0.03
197779, 0.05, 0.02, 0.03
197880, 0.05, 0.01, 0.03
197983, 0.06, 0.03, 0.03
198084, 0.05, 0.02, 0.03
198185, 0.05, 0.02, 0.03
198288, 0.06, 0.03, 0.03
198389, 0.06, 0.01, 0.04
198491, 0.05, 0.02, 0.03
198593, 0.05, 0.02, 0.03
198694, 0.05, 0.03, 0.02
198796, 0.05, 0.02, 0.03
198898, 0.05, 0.02, 0.03
199000, 0.06, 0.03, 0.03
199101, 0.06, 0.02, 0.04
199203, 0.04, 0.03, 0.01
199305, 0.06, 0.02, 0.03
199406, 0.05, 0.02, 0.03
199508, 0.05, 0.03, 0.02
199610, 0.06, 0.02, 0.04
199711, 0.05, 0.02, 0.03
199814, 0.04, 0.02, 0.02
199915, 0.05, 0.01, 0.03
200016, 0.06, 0.03, 0.03
200118, 0.06, 0.02, 0.03
200220, 0.05, 0.03, 0.02
200322, 0.06, 0.03, 0.02
200423, 0.06, 0.02, 0.03
200525, 0.06, 0.03, 0.03
200627, 0.06, 0.03, 0.02
200729, 0.05, 0.03, 0.02
200830, 0.06, 0.02, 0.03
200932, 0.06, 0.02, 0.04
201034, 0.05, 0.03, 0.02
201136, 0.06, 0.02, 0.03
201237, 0.05, 0.04, 0.01
201339, 0.06, 0.03, 0.03
201441, 0.05, 0.04, 0.01
201542, 0.06, 0.02, 0.04
201644, 0.05, 0.03, 0.01
201746, 0.05, 0.02, 0.03
201847, 0.06, 0.01, 0.04
201950, 0.05, 0.03, 0.02
202051, 0.06, 0.02, 0.04
202152, 0.05, 0.01, 0.03
202254, 0.05, 0.02, 0.02
202356, 0.06, 0.02, 0.04
202458, 0.05, 0.02, 0.03
202559, 0.04, 0.02, 0.02
202661, 0.06, 0.03, 0.03
202763, 0.05, 0.03, 0.02
202864, 0.05, 0.02, 0.03
202967, 0.06, 0.02, 0.03
203068, 0.05, 0.03, 0.02
203169, 0.05, 0.01, 0.04
203272, 0.05, 0.04, 0.01
203373, 0.06, 0.02, 0.04
203474, 0.05, 0.01, 0.03
203577, 0.05, 0.04, 0.01
203678, 0.05, 0.02, 0.03
203780, 0.05, 0.02, 0.03
203882, 0.06, 0.04, 0.02
203983, 0.05, 0.02, 0.03
204085, 0.05, 0.03, 0.02
204187, 0.06, 0.02, 0.04
204289, 0.05, 0.02, 0.03
204390, 0.06, 0.01, 0.04
204492, 0.05, 0.02, 0.03
204594, 0.05, 0.02, 0.03
204695, 0.06, 0.02, 0.03
204797, 0.05, 0.02, 0.03
204899, 0.05, 0.01, 0.04
205000, 0.05, 0.03, 0.02
205103, 0.06, 0.02, 0.03
205204, 0.05, 0.02, 0.03
205305, 0.05, 0.02, 0.02
205408, 0.04, 0.03, 0.01
205509, 0.05, 0.01, 0.04
205611, 0.05, 0.02, 0.03
205713, 0.05, 0.03, 0.01
205814, 0.05, 0.02, 0.03
205916, 0.05, 0.02, 0.03
206018, 0.05, 0.03, 0.01
206119, 0.06, 0.03, 0.03
206221, 0.06, 0.02, 0.04
206323, 0.06, 0.03, 0.03
206425, 0.05, 0.02, 0.03
206526, 0.05, 0.01, 0.04
206628, 0.06, 0.02, 0.03
206730, 0.05, 0.02, 0.03
206831, 0.05, 0.02, 0.02
206934, 0.05, 0.04, 0.01
207035, 0.05, 0.02, 0.02
207136, 0.05, 0.02, 0.03
207239, 0.05, 0.03, 0.02
207340, 0.05, 0.02, 0.03
207441, 0.05, 0.01, 0.04
207544, 0.07, 0.01, 0.05
207645, 0.05, 0.02, 0.03
207747, 0.05, 0.02, 0.03
207849, 0.06, 0.02, 0.04
207950, 0.05, 0.02, 0.03
208052, 0.05, 0.03, 0.02
208154, 0.05, 0.02, 0.03
208256, 0.06, 0.03, 0.03
208357, 0.04, 0.03, 0.01
208459, 0.05, 0.02, 0.03
208561, 0.05, 0.02, 0.03
208662, 0.06, 0.02, 0.03
208764, 0.05, 0.02, 0.02
208866, 0.06, 0.04, 0.02
208967, 0.05, 0.01, 0.04
209070, 0.06, 0.02, 0.03
209171, 0.06, 0.03, 0.03
209272, 0.05, 0.04, 0.01
209375, 0.05, 0.02, 0.03
209476, 0.05, 0.01, 0.04
209577, 0.06, 0.02, 0.04
209680, 0.06, 0.02, 0.03
209781, 0.06, 0.02, 0.04
209883, 0.04, 0.02, 0.02
209985, 0.05, 0.01, 0.04
210086, 0.06, 0.02, 0.03
210188, 0.05, 0.03, 0.02
210290, 0.05, 0.02, 0.03
210392, 0.05, 0.02, 0.03
210493, 0.04, 0.03, 0.01
210595, 0.06, 0.02, 0.03
210697, 0.05, 0.03, 0.02
210798, 0.05, 0.02, 0.03
210900, 0.06, 0.02, 0.04
211002, 0.05, 0.01, 0.04
211103, 0.05, 0.01, 0.03
211206, 0.06, 0.03, 0.03
211307, 0.06, 0.03, 0.03
211408, 0.05, 0.02, 0.03
211511, 0.05, 0.03, 0.02
211612, 0.06, 0.02, 0.04
211714, 0.05, 0.03, 0.02
211816, 0.05, 0.02, 0.02
211917, 0.05, 0.01, 0.03
212019, 0.06, 0.02, 0.03
212120, 0.05, 0.03, 0.02
212222, 0.05, 0.02, 0.03
212324, 0.05, 0.03, 0.02
212425, 0.05, 0.03, 0.02
212528, 0.05, 0.03, 0.02
212629, 0.06, 0.03, 0.03
212730, 0.05, 0.02, 0.03
212833, 0.05, 0.03, 0.02
212934, 0.05, 0.03, 0.02
213036, 0.06, 0.01, 0.04
213138, 0.05, 0.03, 0.02
213239, 0.05, 0.03, 0.02
213341, 0.06, 0.02, 0.04
213443, 0.05, 0.03, 0.02
213544, 0.05, 0.03, 0.02
213646, 0.06, 0.02, 0.03
213748, 0.05, 0.03, 0.02
213850, 0.06, 0.01, 0.05
213951, 0.06, 0.03, 0.03
214053, 0.04, 0.01, 0.03
214155, 0.06, 0.02, 0.04
214256, 0.06, 0.02, 0.04
214359, 0.05, 0.01, 0.03
214460, 0.06, 0.03, 0.03
214561, 0.06, 0.03, 0.03
214664, 0.05, 0.02, 0.03
214765, 0.05, 0.02, 0.03
214866, 0.05, 0.04, 0.01
214969, 0.06, 0.03, 0.03
215070, 0.05, 0.03, 0.02
215172, 0.05, 0.02, 0.02
215274, 0.05, 0.01, 0.04
215375, 0.06, 0.03, 0.02
215477, 0.05, 0.02, 0.03
215579, 0.06, 0.01, 0.04
215681, 0.05, 0.02, 0.03
215782, 0.05, 0.04, 0.01
215884, 0.05, 0.02, 0.03
215986, 0.06, 0.02, 0.04
216087, 0.06, 0.04, 0.02
216189, 0.09, 0.01, 0.08
216291, 0.06, 0.03, 0.03
216392, 0.05, 0.04, 0.01
216495, 0.05, 0.01, 0.04
216596, 0.05, 0.01, 0.04
216697, 0.05, 0.04, 0.01
216800, 0.05, 0.03, 0.02
216901, 0.06, 0.04, 0.02
217003, 0.04, 0.02, 0.02
217105, 0.05, 0.02, 0.03
217206, 0.05, 0.03, 0.02
217308, 0.05, 0.02, 0.03
217410, 0.05, 0.03, 0.02
217511, 0.06, 0.02, 0.03
217613, 0.05, 0.02, 0.03
217715, 0.06, 0.02, 0.04
217817, 0.06, 0.01, 0.05
217918, 0.05, 0.02, 0.03
218020, 0.06, 0.03, 0.03
218122, 0.06, 0.03, 0.03
218223, 0.06, 0.04, 0.02
218326, 0.05, 0.00, 0.05
218427, 0.06, 0.02, 0.04
218528, 0.05, 0.03, 0.01
218631, 0.05, 0.03, 0.02
218732, 0.05, 0.02, 0.03
218833, 0.06, 0.04, 0.01
218936, 0.06, 0.01, 0.05
219037, 0.06, 0.02, 0.03
219139, 0.06, 0.03, 0.02
219241, 0.05, 0.03, 0.02
219342, 0.05, 0.03, 0.02
219444, 0.05, 0.04, 0.01
219546, 0.05, 0.02, 0.02
219648, 0.06, 0.02, 0.04
219749, 0.05, 0.01, 0.04
219851, 0.05, 0.02, 0.03
219953, 0.05, 0.02, 0.03
220054, 0.06, 0.02, 0.04
220156, 0.05, 0.02, 0.03
220258, 0.05, 0.02, 0.03
220359, 0.05, 0.03, 0.02
220462, 0.06, 0.03, 0.03
220563, 0.05, 0.03, 0.02
220664, 0.06, 0.02, 0.04
220767, 0.05, 0.01, 0.03
220868, 0.06, 0.02, 0.04
220969, 0.06, 0.03, 0.03
221072, 0.05, 0.01, 0.04
221173, 0.05, 0.02, 0.03
221275, 0.05, 0.02, 0.03
221377, 0.05, 0.02, 0.03
221478, 0.06, 0.03, 0.03
221580, 0.05, 0.02, 0.03
221682, 0.05, 0.02, 0.03
221784, 0.06, 0.04, 0.02
221885, 0.06, 0.02, 0.04
221986, 0.05, 0.03, 0.02
222089, 0.06, 0.02, 0.04
222190, 0.05, 0.03, 0.01
222291, 0.05, 0.02, 0.03
222394, 0.07, 0.03, 0.04
222495, 0.06, 0.03, 0.03
222597, 0.05, 0.03, 0.02
222699, 0.07, 0.01, 0.05
222800, 0.06, 0.02, 0.03
222902, 0.05, 0.01, 0.04
223004, 0.06, 0.02, 0.03
223106, 0.05, 0.03, 0.02
223207, 0.05, 0.01, 0.04
223309, 0.05, 0.03, 0.02
223411, 0.05, 0.02, 0.03
223512, 0.05, 0.02, 0.02
223614, 0.05, 0.02, 0.03
223716, 0.05, 0.03, 0.01
223817, 0.05, 0.02, 0.03
223920, 0.06, 0.02, 0.04
224021, 0.05, 0.03, 0.02
224122, 0.05, 0.02, 0.03
224225, 0.05, 0.02, 0.03
224326, 0.05, 0.04, 0.01
224428, 0.04, 0.02, 0.02
224530, 0.05, 0.03, 0.02
224631, 0.06, 0.04, 0.02
224733, 0.05, 0.02, 0.03
224835, 0.06, 0.02, 0.03
224936, 0.06, 0.03, 0.03
225038, 0.08, 0.02, 0.06
225140, 0.05, 0.02, 0.02
225242, 0.05, 0.02, 0.03
225343, 0.05, 0.02, 0.03
225445, 0.05, 0.02, 0.02
225547, 0.06, 0.03, 0.03
225648, 0.05, 0.02, 0.02
225751, 0.05, 0.02, 0.02
225852, 0.06, 0.03, 0.03
225953, 0.05, 0.02, 0.03
226056, 0.06, 0.01, 0.04
226157, 0.06, 0.03, 0.02
226258, 0.06, 0.03, 0.03
226361, 0.06, 0.02, 0.03
226462, 0.05, 0.02, 0.03
226564, 0.05, 0.02, 0.03
226666, 0.06, 0.02, 0.04
226767, 0.04, 0.02, 0.02
226869, 0.05, 0.03, 0.02
226971, 0.05, 0.02, 0.03
227073, 0.06, 0.02, 0.04
227174, 0.05, 0.03, 0.02
227276, 0.06, 0.02, 0.03
227378, 0.06, 0.04, 0.02
227479, 0.04, 0.01, 0.03
227581, 0.05, 0.01, 0.04
227683, 0.05, 0.03, 0.02
227784, 0.05, 0.02, 0.02
227887, 0.05, 0.01, 0.04
227988, 0.06, 0.01, 0.05
228089, 0.06, 0.03, 0.03
228192, 0.05, 0.02, 0.03
228293, 0.05, 0.02, 0.02
228395, 0.06, 0.02, 0.03
228497, 0.05, 0.02, 0.03
228598, 0.06, 0.02, 0.04
228700, 0.06, 0.01, 0.05
228802, 0.05, 0.03, 0.02
228903, 0.05, 0.02, 0.02
229005, 0.06, 0.01, 0.04
229107, 0.05, 0.03, 0.01
229209, 0.05, 0.03, 0.02
229310, 0.07, 0.03, 0.04
229412, 0.05, 0.03, 0.02
229514, 0.05, 0.03, 0.02
229615, 0.05, 0.01, 0.03
229718, 0.06, 0.03, 0.03
229819, 0.05, 0.02, 0.03
229920, 0.05, 0.01, 0.04
230023, 0.06, 0.03, 0.03
230124, 0.05, 0.01, 0.04
230225, 0.05, 0.02, 0.03
230328, 0.05, 0.03, 0.02
230429, 0.06, 0.03, 0.03
230531, 0.05, 0.03, 0.02
230633, 0.05, 0.02, 0.03
230734, 0.06, 0.02, 0.04
230836, 0.05, 0.02, 0.03
230938, 0.05, 0.03, 0.02
231040, 0.04, 0.02, 0.02
231141, 0.05, 0.02, 0.03
231243, 0.06, 0.02, 0.03
231345, 0.05, 0.03, 0.02
231446, 0.06, 0.02, 0.03
231548, 0.05, 0.03, 0.02
231650, 0.06, 0.03, 0.03
231751, 0.05, 0.03, 0.02
231854, 0.05, 0.01, 0.04
231955, 0.06, 0.03, 0.03
232056, 0.05, 0.02, 0.02
232159, 0.05, 0.01, 0.04
232260, 0.06, 0.03, 0.03
232361, 0.05, 0.02, 0.03
232463, 0.06, 0.01, 0.05
232565, 0.06, 0.01, 0.04
232667, 0.06, 0.03, 0.02
232768, 0.05, 0.02, 0.02
232870, 0.04, 0.02, 0.02
232972, 0.05, 0.02, 0.03
233073, 0.06, 0.02, 0.03
233176, 0.05, 0.02, 0.03
233277, 0.06, 0.02, 0.04
233378, 0.05, 0.03, 0.02
233481, 0.05, 0.02, 0.03
233582, 0.05, 0.02, 0.03
233683, 0.05, 0.01, 0.04
233786, 0.06, 0.03, 0.03
233887, 0.05, 0.03, 0.02
233989, 0.06, 0.02, 0.03
234091, 0.05, 0.02, 0.03
234192, 0.05, 0.02, 0.03
234294, 0.05, 0.03, 0.02
234396, 0.06, 0.02, 0.04
234498, 0.06, 0.02, 0.04
234599, 0.05, 0.03, 0.02
234701, 0.06, 0.03, 0.03
234803, 0.06, 0.02, 0.04
234904, 0.05, 0.03, 0.02
235006, 0.06, 0.02, 0.04
235108, 0.06, 0.02, 0.04
235209, 0.05, 0.02, 0.03
235312, 0.06, 0.03, 0.03
235413, 0.05, 0.02, 0.02
235514, 0.05, 0.01, 0.04
235617, 0.05, 0.02, 0.03
235718, 0.05, 0.08, -0.03
235820, 0.05, 0.03, 0.02
235922, 0.05, 0.02, 0.03
236023, 0.05, 0.03, 0.02
236125, 0.05, 0.03, 0.02
236227, 0.05, 0.02, 0.03
236328, 0.05, 0.02, 0.03
236430, 0.06, 0.02, 0.04
236532, 0.05, 0.01, 0.04
236634, 0.06, 0.02, 0.04
236735, 0.05, 0.02, 0.03
236837, 0.05, 0.02, 0.02
236939, 0.06, 0.02, 0.04
237040, 0.06, 0.03, 0.03
237143, 0.05, 0.02, 0.02
237244, 0.06, 0.03, 0.03
237345, 0.06, 0.03, 0.02
237448, 0.05, 0.01, 0.04
237549, 0.05, 0.02, 0.03
237650, 0.05, 0.03, 0.02
237753, 0.05, 0.02, 0.03
237854, 0.04, 0.02, 0.02
237956, 0.05, 0.03, 0.02
238058, 0.05, 0.02, 0.03
238159, 0.05, 0.03, 0.02
238261, 0.05, 0.03, 0.01
238363, 0.06, 0.03, 0.03
238465, 0.05, 0.02, 0.03
238566, 0.06, 0.02, 0.03
238668, 0.05, 0.01, 0.04
238770, 0.06, 0.02, 0.03
238871, 0.06, 0.04, 0.02
238973, 0.05, 0.01, 0.03
239075, 0.05, 0.01, 0.04
239176, 0.05, 0.03, 0.02
239279, 0.05, 0.02, 0.03
239380, 0.05, 0.03, 0.02
239481, 0.06, 0.04, 0.01
239584, 0.05, 0.02, 0.03
239685, 0.05, 0.02, 0.03
239787, 0.05, 0.02, 0.03
239889, 0.06, 0.02, 0.03
239990, 0.06, 0.02, 0.03
240092, 0.05, 0.03, 0.02
240194, 0.08, 0.02, 0.06
240295, 0.06, 0.03, 0.03
240397, 0.04, 0.03, 0.01
240499, 0.06, 0.02, 0.04
240601, 0.06, 0.02, 0.03
240702, 0.06, 0.03, 0.03
240804, 0.05, 0.02, 0.03
240906, 0.06, 0.02, 0.04
241007, 0.06, 0.02, 0.03
241110, 0.05, 0.02, 0.03
241211, 0.05, 0.01, 0.04
241312, 0.06, 0.02, 0.04
241415, 0.06, 0.03, 0.03
241516, 0.05, 0.03, 0.02
241617, 0.05, 0.02, 0.03
241720, 0.05, 0.03, 0.02
241821, 0.07, 0.02, 0.04
241923, 0.06, 0.01, 0.04
242025, 0.05, 0.02, 0.03
242126, 0.05, 0.02, 0.03
242228, 0.05, 0.03, 0.02
242330, 0.05, 0.02, 0.02
242432, 0.03, 0.01, 0.01
242533, 0.06, 0.01, 0.05
242635, 0.06, 0.03, 0.02
242737, 0.06, 0.04, 0.02
242838, 0.06, 0.02, 0.03
242940, 0.06, 0.03, 0.03
243042, 0.06, 0.03, 0.03
243143, 0.05, 0.02, 0.03
243246, 0.05, 0.02, 0.03
243347, 0.06, 0.02, 0.04
243448, 0.06, 0.02, 0.04
243551, 0.06, 0.02, 0.03
243652, 0.07, 0.03, 0.04
243753, 0.06, 0.03, 0.03
243855, 0.06, 0.03, 0.03
243957, 0.06, 0.04, 0.02
244059, 0.06, 0.04, 0.02
244160, 0.06, 0.02, 0.04
244262, 0.06, 0.02, 0.04
244364, 0.06, 0.03, 0.03
244465, 0.06, 0.03, 0.03
244568, 0.06, 0.03, 0.03
244669, 0.06, 0.04, 0.02
244770, 0.07, 0.03, 0.03
244873, 0.07, 0.04, 0.03
244974, 0.08, 0.04, 0.04
245075, 0.06, 0.04, 0.02
245178, 0.06, 0.04, 0.02
245279, 0.14, 0.13, 0.01
245381, 0.15, 0.14, 0.00
245483, 0.14, 0.13, 0.01
245584, 0.15, 0.15, 0.00
245686, 0.15, 0.15, 0.00
245788, 0.15, 0.14, 0.01
245890, 0.15, 0.15, -0.00
245991, 0.14, 0.15, -0.01
246093, 0.15, 0.14, 0.00
246195, 0.14, 0.15, -0.01
246296, 0.15, 0.15, 0.00
246398, 0.15, 0.15, 0.00
246500, 0.14, 0.15, -0.00
