0, 0.15, 0.14, 0.01
101, 0.14, 0.14, 0.00
202, 0.14, 0.13, 0.01
304, 0.14, 0.16, -0.02
406, 0.15, 0.14, 0.00
507, 0.15, 0.15, 0.00
609, 0.14, 0.15, -0.01
710, 0.15, 0.15, -0.00
812, 0.14, 0.15, -0.00
914, 0.15, 0.14, 0.01
1015, 0.15, 0.13, 0.02
1117, 0.01, 0.00, 0.01
1218, 0.14, 0.12, 0.02
1319, 0.14, 0.13, 0.01
1422, 0.04, 0.00, 0.04
1523, 0.03, 0.04, -0.00
1625, 0.04, 0.00, 0.03
1726, 0.05, 0.02, 0.02
1828, 0.03, 0.03, 0.00
1930, 0.04, 0.04, 0.00
2031, 0.04, 0.03, 0.01
2132, 0.05, 0.01, 0.04
2235, 0.05, 0.01, 0.03
2336, 0.04, 0.02, 0.02
2438, 0.05, 0.00, 0.04
2539, 0.06, 0.02, 0.03
2640, 0.07, 0.01, 0.05
2743, 0.03, 0.03, 0.00
2844, 0.05, 0.04, 0.01
2946, 0.04, 0.01, 0.03
3047, 0.06, 0.01, 0.04
3149, 0.04, 0.04, 0.00
3251, 0.04, 0.03, 0.01
3352, 0.04, 0.01, 0.03
3453, 0.04, 0.02, 0.02
3555, 0.04, 0.00, 0.04
3657, 0.06, 0.02, 0.04
3759, 0.06, 0.03, 0.03
3860, 0.05, 0.04, 0.00
3961, 0.04, 0.02, 0.02
4064, 0.04, 0.00, 0.04
4165, 0.05, 0.03, 0.02
4267, 0.05, 0.01, 0.04
4368, 0.06, 0.00, 0.06
4470, 0.07, 0.00, 0.06
4572, 0.06, 0.01, 0.04
4673, 0.06, 0.00, 0.05
4774, 0.05, 0.02, 0.03
4876, 0.05, 0.00, 0.05
4978, 0.05, 0.03, 0.02
5080, 0.04, 0.03, 0.01
5181, 0.04, 0.02, 0.02
5282, 0.05, 0.03, 0.02
5385, 0.06, 0.03, 0.03
5486, 0.07, 0.01, 0.06
5587, 0.04, 0.03, 0.01
5689, 0.04, 0.02, 0.02
5791, 0.04, 0.01, 0.03
5893, 0.04, 0.01, 0.03
5994, 0.05, 0.03, 0.02
6095, 0.05, 0.01, 0.03
6197, 0.05, 0.02, 0.02
6299, 0.05, 0.03, 0.02
6401, 0.04, 0.03, 0.01
6502, 0.05, 0.01, 0.04
6603, 0.04, 0.03, 0.01
6706, 0.05, 0.01, 0.04
6807, 0.05, 0.02, 0.03
6908, 0.04, 0.02, 0.02
7010, 0.05, 0.01, 0.03
7112, 0.05, 0.04, 0.01
7214, 0.06, 0.02, 0.03
7315, 0.05, 0.01, 0.04
7416, 0.06, 0.03, 0.03
7519, 0.05, 0.07, -0.02
7620, 0.05, 0.04, 0.01
7721, 0.04, 0.03, 0.01
7823, 0.04, 0.02, 0.02
7924, 0.05, 0.01, 0.03
8027, 0.05, 0.02, 0.03
8128, 0.06, 0.01, 0.04
8229, 0.05, 0.02, 0.02
8331, 0.05, 0.01, 0.03
8433, 0.04, 0.03, 0.01
8535, 0.06, 0.01, 0.04
8636, 0.05, 0.03, 0.02
8737, 0.05, 0.02, 0.03
8840, 0.05, 0.02, 0.03
8941, 0.05, 0.03, 0.02
9042, 0.05, 0.01, 0.03
9144, 0.04, 0.02, 0.02
9245, 0.05, 0.01, 0.04
9348, 0.04, 0.02, 0.02
9449, 0.05, 0.01, 0.03
9550, 0.04, 0.02, 0.02
9652, 0.05, 0.03, 0.02
9754, 0.05, 0.02, 0.03
9856, 0.05, 0.02, 0.02
9957, 0.04, 0.01, 0.03
10058, 0.05, 0.01, 0.03
10161, 0.04, 0.03, 0.01
10262, 0.06, 0.02, 0.04
10363, 0.05, 0.02, 0.03
10466, 0.05, 0.02, 0.03
10567, 0.04, 0.02, 0.02
10669, 0.05, 0.03, 0.01
10770, 0.05, 0.02, 0.02
10872, 0.05, 0.03, 0.02
10974, 0.05, 0.03, 0.02
11075, 0.05, 0.02, 0.03
11176, 0.05, 0.03, 0.02
11279, 0.05, 0.02, 0.02
11380, 0.05, 0.01, 0.03
11482, 0.05, 0.01, 0.03
11584, 0.05, 0.02, 0.03
11685, 0.05, 0.02, 0.03
11787, 0.05, 0.02, 0.03
11888, 0.05, 0.02, 0.03
11991, 0.06, 0.03, 0.02
12092, 0.05, 0.03, 0.01
12193, 0.05, 0.02, 0.03
12296, 0.05, 0.01, 0.04
12397, 0.04, 0.01, 0.02
12498, 0.04, 0.01, 0.03
12600, 0.05, 0.02, 0.03
12702, 0.06, 0.02, 0.04
12804, 0.05, 0.02, 0.03
12905, 0.05, 0.01, 0.04
13007, 0.05, 0.03, 0.02
13109, 0.05, 0.03, 0.02
13210, 0.05, 0.03, 0.02
13312, 0.04, 0.02, 0.02
13414, 0.05, 0.01, 0.04
13515, 0.04, 0.03, 0.01
13617, 0.05, 0.03, 0.01
13719, 0.04, 0.02, 0.02
13820, 0.06, 0.02, 0.04
13922, 0.05, 0.03, 0.02
14023, 0.04, 0.02, 0.02
14126, 0.04, 0.03, 0.01
14227, 0.05, 0.03, 0.02
14328, 0.04, 0.03, 0.01
14431, 0.05, 0.01, 0.04
14532, 0.05, 0.02, 0.03
14633, 0.04, 0.01, 0.03
14735, 0.05, 0.02, 0.02
14837, 0.05, 0.02, 0.02
14939, 0.05, 0.02, 0.02
15040, 0.05, 0.02, 0.03
15142, 0.06, 0.03, 0.03
15244, 0.06, 0.03, 0.03
15345, 0.05, 0.02, 0.02
15447, 0.05, 0.02, 0.03
15549, 0.05, 0.02, 0.02
15650, 0.04, 0.00, 0.04
15752, 0.06, 0.02, 0.03
15853, 0.05, 0.02, 0.02
15955, 0.05, 0.01, 0.04
16057, 0.05, 0.02, 0.03
16158, 0.05, 0.02, 0.02
16261, 0.05, 0.02, 0.03
16362, 0.06, 0.02, 0.04
16463, 0.05, 0.03, 0.02
16565, 0.05, 0.03, 0.02
16667, 0.05, 0.03, 0.02
16769, 0.05, 0.01, 0.04
16870, 0.05, 0.02, 0.03
16972, 0.05, 0.02, 0.03
17074, 0.05, 0.01, 0.03
17175, 0.04, 0.03, 0.01
17276, 0.06, 0.03, 0.03
17379, 0.05, 0.02, 0.02
17480, 0.06, 0.04, 0.02
17582, 0.05, 0.02, 0.02
17684, 0.04, 0.02, 0.02
17785, 0.06, 0.02, 0.04
17887, 0.05, 0.01, 0.04
17988, 0.04, 0.02, 0.02
18091, 0.05, 0.01, 0.03
18192, 0.05, 0.01, 0.04
18293, 0.04, 0.02, 0.02
18396, 0.05, 0.02, 0.03
18497, 0.05, 0.02, 0.02
18598, 0.06, 0.03, 0.03
18700, 0.04, 0.02, 0.02
18802, 0.05, 0.03, 0.02
18904, 0.05, 0.02, 0.03
19005, 0.05, 0.03, 0.02
19106, 0.05, 0.02, 0.03
19209, 0.05, 0.00, 0.05
19310, 0.06, 0.02, 0.04
19411, 0.05, 0.02, 0.02
19514, 0.05, 0.02, 0.02
19615, 0.05, 0.02, 0.03
19717, 0.06, 0.03, 0.03
19818, 0.05, 0.01, 0.04
19920, 0.05, 0.01, 0.03
20022, 0.05, 0.02, 0.02
20123, 0.05, 0.03, 0.02
20226, 0.06, 0.02, 0.04
20327, 0.05, 0.02, 0.03
20428, 0.04, 0.02, 0.02
20530, 0.05, 0.03, 0.02
20632, 0.04, 0.03, 0.01
20733, 0.05, 0.03, 0.02
20835, 0.05, 0.03, 0.02
20937, 0.06, 0.03, 0.03
21039, 0.05, 0.02, 0.02
21140, 0.05, 0.03, 0.02
21241, 0.05, 0.03, 0.02
21344, 0.05, 0.02, 0.02
21445, 0.05, 0.02, 0.03
21547, 0.04, 0.02, 0.02
21649, 0.04, 0.02, 0.02
21750, 0.05, 0.04, 0.01
21852, 0.06, 0.02, 0.03
21953, 0.04, 0.03, 0.01
22055, 0.04, 0.03, 0.01
22157, 0.05, 0.03, 0.02
22258, 0.05, 0.03, 0.02
22360, 0.05, 0.03, 0.02
22462, 0.05, 0.02, 0.02
22563, 0.05, 0.01, 0.04
22665, 0.04, 0.01, 0.03
22767, 0.05, 0.02, 0.03
22868, 0.04, 0.02, 0.02
22970, 0.05, 0.04, 0.01
23071, 0.04, 0.03, 0.01
23174, 0.05, 0.01, 0.04
23275, 0.04, 0.02, 0.01
23376, 0.05, 0.02, 0.03
23479, 0.05, 0.02, 0.02
23580, 0.05, 0.05, 0.00
23682, 0.05, 0.02, 0.02
23783, 0.05, 0.02, 0.02
23885, 0.05, 0.01, 0.03
23987, 0.05, 0.01, 0.04
24088, 0.05, 0.03, 0.02
24190, 0.06, 0.03, 0.03
24292, 0.05, 0.04, 0.01
24393, 0.06, 0.04, 0.02
24495, 0.06, 0.01, 0.04
24597, 0.05, 0.03, 0.02
24698, 0.04, 0.02, 0.02
24800, 0.05, 0.01, 0.04
24902, 0.05, 0.02, 0.03
25004, 0.05, 0.02, 0.03
25105, 0.05, 0.02, 0.03
25206, 0.05, 0.01, 0.04
25309, 0.05, 0.02, 0.02
25410, 0.04, 0.03, 0.01
25511, 0.05, 0.02, 0.02
25613, 0.04, 0.02, 0.02
25715, 0.05, 0.02, 0.03
25817, 0.05, 0.01, 0.04
25918, 0.04, 0.01, 0.03
26020, 0.05, 0.01, 0.03
26122, 0.05, 0.02, 0.03
26223, 0.05, 0.02, 0.03
26324, 0.04, 0.03, 0.01
26427, 0.05, 0.02, 0.02
26528, 0.05, 0.02, 0.03
26630, 0.05, 0.02, 0.02
26732, 0.05, 0.02, 0.03
26833, 0.06, 0.01, 0.04
26935, 0.05, 0.02, 0.03
27036, 0.05, 0.02, 0.03
27139, 0.05, 0.01, 0.04
27240, 0.04, 0.02, 0.02
27341, 0.05, 0.01, 0.04
27444, 0.05, 0.03, 0.02
27545, 0.05, 0.03, 0.02
27646, 0.05, 0.03, 0.02
27748, 0.05, 0.02, 0.03
27850, 0.06, 0.02, 0.04
27952, 0.04, 0.02, 0.02
28053, 0.05, 0.01, 0.04
28155, 0.04, 0.02, 0.02
28257, 0.05, 0.01, 0.03
28358, 0.05, 0.02, 0.03
28460, 0.05, 0.02, 0.03
28562, 0.05, 0.02, 0.03
28663, 0.05, 0.01, 0.04
28765, 0.05, 0.01, 0.03
28866, 0.06, 0.02, 0.03
28968, 0.05, 0.04, 0.01
29070, 0.05, 0.02, 0.03
29171, 0.05, 0.01, 0.03
29274, 0.05, 0.02, 0.03
29375, 0.05, 0.02, 0.03
29476, 0.05, 0.00, 0.04
29578, 0.04, 0.01, 0.03
29680, 0.05, 0.02, 0.03
29782, 0.06, 0.03, 0.03
29883, 0.06, 0.03, 0.02
29985, 0.05, 0.04, 0.01
30087, 0.05, 0.02, 0.03
30188, 0.06, 0.02, 0.03
30289, 0.04, 0.02, 0.02
30392, 0.05, 0.03, 0.02
30493, 0.06, 0.01, 0.05
30595, 0.05, 0.01, 0.04
30697, 0.06, 0.02, 0.03
30798, 0.05, 0.03, 0.02
30900, 0.06, 0.03, 0.03
31001, 0.05, 0.02, 0.02
31104, 0.05, 0.01, 0.04
31205, 0.05, 0.02, 0.03
31306, 0.04, 0.02, 0.02
31409, 0.06, 0.02, 0.04
31510, 0.04, 0.01, 0.03
31611, 0.05, 0.02, 0.02
31713, 0.05, 0.02, 0.02
31815, 0.05, 0.02, 0.02
31917, 0.04, 0.03, 0.01
32018, 0.05, 0.03, 0.02
32119, 0.06, 0.03, 0.03
32222, 0.05, 0.04, 0.01
32323, 0.05, 0.03, 0.02
32424, 0.04, 0.02, 0.02
32527, 0.06, 0.02, 0.04
32628, 0.04, 0.02, 0.02
32730, 0.05, 0.01, 0.04
32831, 0.06, 0.02, 0.03
32933, 0.06, 0.04, 0.02
33035, 0.05, 0.02, 0.03
33136, 0.04, 0.04, 0.00
33239, 0.05, 0.02, 0.02
33340, 0.05, 0.02, 0.03
33441, 0.04, 0.01, 0.03
33543, 0.05, 0.02, 0.03
33645, 0.06, 0.03, 0.03
33746, 0.05, 0.02, 0.03
33848, 0.05, 0.02, 0.03
33950, 0.05, 0.02, 0.02
34052, 0.05, 0.02, 0.02
34153, 0.04, 0.01, 0.03
34254, 0.04, 0.02, 0.02
34357, 0.05, 0.03, 0.01
34458, 0.05, 0.02, 0.02
34560, 0.05, 0.02, 0.03
34662, 0.05, 0.03, 0.02
34763, 0.05, 0.02, 0.03
34865, 0.05, 0.02, 0.03
34966, 0.05, 0.01, 0.04
35068, 0.05, 0.02, 0.03
35170, 0.05, 0.03, 0.02
35271, 0.06, 0.03, 0.03
35374, 0.05, 0.03, 0.02
35475, 0.05, 0.02, 0.02
35576, 0.05, 0.02, 0.03
35678, 0.05, 0.02, 0.02
35780, 0.05, 0.02, 0.02
35881, 0.05, 0.01, 0.04
35983, 0.05, 0.02, 0.03
36084, 0.06, 0.02, 0.04
36187, 0.04, 0.02, 0.02
36288, 0.05, 0.02, 0.03
36389, 0.05, 0.02, 0.02
36492, 0.05, 0.02, 0.03
36593, 0.05, 0.03, 0.02
36695, 0.05, 0.02, 0.02
36796, 0.04, 0.02, 0.02
36898, 0.05, 0.02, 0.03
37000, 0.04, 0.01, 0.03
37101, 0.05, 0.01, 0.04
37203, 0.04, 0.02, 0.02
37305, 0.04, 0.01, 0.03
37406, 0.05, 0.01, 0.04
37508, 0.05, 0.02, 0.02
37610, 0.06, 0.01, 0.04
37711, 0.05, 0.03, 0.02
37813, 0.05, 0.03, 0.01
37914, 0.05, 0.03, 0.02
38017, 0.05, 0.01, 0.03
38118, 0.05, 0.01, 0.04
38219, 0.04, 0.02, 0.02
38322, 0.04, 0.02, 0.02
38423, 0.05, 0.03, 0.02
38524, 0.05, 0.03, 0.02
38626, 0.05, 0.03, 0.02
38728, 0.05, 0.03, 0.02
38830, 0.04, 0.04, 0.00
38931, 0.05, 0.02, 0.03
39033, 0.06, 0.01, 0.04
39135, 0.05, 0.02, 0.03
39236, 0.05, 0.02, 0.03
39337, 0.04, 0.00, 0.03
39440, 0.04, 0.01, 0.02
39541, 0.05, 0.00, 0.05
39643, 0.05, 0.02, 0.02
39745, 0.05, 0.03, 0.02
39846, 0.06, 0.03, 0.02
39948, 0.06, 0.03, 0.02
40049, 0.06, 0.03, 0.03
40152, 0.04, 0.04, 0.00
40253, 0.05, 0.01, 0.03
40354, 0.04, 0.01, 0.03
40456, 0.05, 0.02, 0.03
40558, 0.05, 0.03, 0.02
40659, 0.05, 0.02, 0.03
40761, 0.05, 0.04, 0.01
40863, 0.05, 0.02, 0.02
40965, 0.05, 0.03, 0.02
41066, 0.05, 0.04, 0.01
41167, 0.06, 0.03, 0.03
41270, 0.04, 0.02, 0.02
41371, 0.05, 0.02, 0.03
41473, 0.05, 0.02, 0.03
41575, 0.05, 0.01, 0.04
41676, 0.05, 0.02, 0.02
41778, 0.05, 0.01, 0.03
41879, 0.05, 0.04, 0.01
41981, 0.05, 0.03, 0.02
42083, 0.05, 0.02, 0.03
42184, 0.05, 0.03, 0.02
42287, 0.05, 0.02, 0.03
42388, 0.04, 0.02, 0.02
42489, 0.05, 0.02, 0.02
42591, 0.06, 0.02, 0.03
42693, 0.05, 0.04, 0.00
42795, 0.05, 0.02, 0.03
42896, 0.05, 0.02, 0.02
42998, 0.05, 0.03, 0.02
43100, 0.05, 0.04, 0.01
43201, 0.05, 0.02, 0.02
43302, 0.06, 0.02, 0.03
43405, 0.06, 0.02, 0.04
43506, 0.05, 0.02, 0.03
43608, 0.04, 0.01, 0.03
43709, 0.05, 0.03, 0.01
43811, 0.05, 0.02, 0.02
43913, 0.05, 0.03, 0.02
44014, 0.06, 0.03, 0.02
44116, 0.04, 0.02, 0.02
44218, 0.06, 0.02, 0.03
44319, 0.05, 0.01, 0.04
44421, 0.06, 0.03, 0.03
44523, 0.05, 0.03, 0.02
44624, 0.04, 0.01, 0.03
44726, 0.04, 0.02, 0.02
44828, 0.04, 0.02, 0.02
44930, 0.05, 0.02, 0.03
45031, 0.05, 0.01, 0.04
45132, 0.05, 0.02, 0.03
45235, 0.05, 0.03, 0.02
45336, 0.06, 0.02, 0.03
45437, 0.04, 0.01, 0.03
45540, 0.06, 0.03, 0.03
45641, 0.05, 0.02, 0.02
45743, 0.06, 0.02, 0.04
45844, 0.04, 0.02, 0.02
45946, 0.04, 0.02, 0.02
46048, 0.04, 0.01, 0.03
46149, 0.04, 0.01, 0.03
46252, 0.05, 0.02, 0.03
46353, 0.05, 0.02, 0.03
46454, 0.06, 0.03, 0.02
46556, 0.06, 0.03, 0.03
46658, 0.04, 0.04, 0.00
46759, 0.05, 0.03, 0.02
46861, 0.06, 0.02, 0.03
46962, 0.05, 0.02, 0.03
47065, 0.05, 0.03, 0.01
47166, 0.04, 0.03, 0.01
47267, 0.05, 0.03, 0.02
47370, 0.04, 0.02, 0.02
47471, 0.05, 0.02, 0.03
47572, 0.05, 0.02, 0.03
47674, 0.05, 0.04, 0.00
47776, 0.06, 0.03, 0.03
47878, 0.05, 0.01, 0.04
47979, 0.04, 0.01, 0.03
48081, 0.06, 0.02, 0.03
48183, 0.06, 0.02, 0.04
48284, 0.06, 0.03, 0.03
48386, 0.04, 0.02, 0.02
48488, 0.05, 0.01, 0.04
48589, 0.05, 0.02, 0.03
48691, 0.04, 0.02, 0.02
48793, 0.05, 0.01, 0.04
48894, 0.05, 0.02, 0.03
48996, 0.06, 0.03, 0.03
49097, 0.05, 0.03, 0.02
49200, 0.05, 0.03, 0.02
49301, 0.05, 0.01, 0.03
49402, 0.05, 0.02, 0.02
49505, 0.06, 0.02, 0.03
49606, 0.06, 0.03, 0.03
49708, 0.04, 0.03, 0.01
49809, 0.04, 0.03, 0.01
49911, 0.04, 0.02, 0.02
50013, 0.04, 0.03, 0.01
50114, 0.05, 0.03, 0.02
50216, 0.05, 0.03, 0.02
50318, 0.06, 0.02, 0.04
50419, 0.05, 0.01, 0.04
50521, 0.05, 0.01, 0.03
50623, 0.05, 0.02, 0.03
50724, 0.06, 0.02, 0.04
50826, 0.06, 0.03, 0.03
50928, 0.04, 0.02, 0.02
51030, 0.05, 0.02, 0.03
51131, 0.05, 0.01, 0.04
51232, 0.04, 0.02, 0.01
51335, 0.05, 0.03, 0.02
51436, 0.04, 0.02, 0.02
51537, 0.06, 0.02, 0.04
51639, 0.05, 0.01, 0.04
51741, 0.05, 0.01, 0.03
51843, 0.06, 0.02, 0.04
51944, 0.05, 0.03, 0.02
52046, 0.05, 0.02, 0.02
52148, 0.06, 0.02, 0.04
52249, 0.06, 0.02, 0.04
52350, 0.05, 0.02, 0.03
52453, 0.04, 0.02, 0.02
52554, 0.05, 0.01, 0.04
52656, 0.04, 0.01, 0.02
52758, 0.05, 0.02, 0.03
52859, 0.05, 0.03, 0.02
52961, 0.05, 0.02, 0.02
53062, 0.05, 0.02, 0.03
53165, 0.06, 0.03, 0.03
53266, 0.05, 0.02, 0.03
53367, 0.04, 0.03, 0.01
53470, 0.05, 0.03, 0.02
53571, 0.05, 0.03, 0.02
53672, 0.05, 0.02, 0.02
53774, 0.04, 0.02, 0.02
53876, 0.05, 0.03, 0.02
53978, 0.05, 0.03, 0.02
54079, 0.05, 0.02, 0.03
54181, 0.04, 0.02, 0.02
54283, 0.05, 0.03, 0.02
54384, 0.05, 0.02, 0.03
54486, 0.05, 0.02, 0.03
54588, 0.05, 0.03, 0.02
54689, 0.06, 0.02, 0.03
54791, 0.04, 0.01, 0.03
54892, 0.06, 0.02, 0.04
54994, 0.05, 0.02, 0.03
55096, 0.06, 0.01, 0.05
55197, 0.05, 0.01, 0.04
55300, 0.05, 0.02, 0.03
55401, 0.05, 0.03, 0.02
55502, 0.05, 0.03, 0.02
55604, 0.06, 0.03, 0.03
55706, 0.05, 0.02, 0.03
55808, 0.05, 0.01, 0.04
55909, 0.05, 0.03, 0.02
56011, 0.05, 0.02, 0.02
56113, 0.05, 0.01, 0.04
56214, 0.05, 0.00, 0.05
56315, 0.04, 0.02, 0.02
56418, 0.04, 0.02, 0.02
56519, 0.05, 0.02, 0.03
56621, 0.05, 0.01, 0.03
56723, 0.05, 0.03, 0.02
56824, 0.06, 0.03, 0.03
56926, 0.05, 0.03, 0.02
57027, 0.05, 0.02, 0.03
57129, 0.05, 0.02, 0.02
57231, 0.04, 0.02, 0.02
57332, 0.04, 0.01, 0.03
57434, 0.06, 0.01, 0.05
57536, 0.04, 0.02, 0.02
57637, 0.06, 0.02, 0.03
57739, 0.06, 0.02, 0.03
57841, 0.05, 0.02, 0.03
57943, 0.05, 0.03, 0.01
58044, 0.05, 0.03, 0.02
58145, 0.05, 0.01, 0.03
58248, 0.05, 0.01, 0.04
58349, 0.04, 0.02, 0.02
58450, 0.05, 0.01, 0.03
58553, 0.05, 0.02, 0.02
58654, 0.05, 0.03, 0.02
58756, 0.05, 0.03, 0.02
58857, 0.05, 0.02, 0.03
58959, 0.04, 0.02, 0.02
59061, 0.06, 0.04, 0.02
59162, 0.04, 0.02, 0.02
59265, 0.05, 0.01, 0.03
59366, 0.04, 0.03, 0.01
59467, 0.05, 0.03, 0.02
59569, 0.05, 0.01, 0.03
59671, 0.05, 0.03, 0.02
59772, 0.06, 0.03, 0.03
59874, 0.05, 0.03, 0.02
59976, 0.05, 0.02, 0.03
60078, 0.05, 0.02, 0.02
60179, 0.06, 0.02, 0.03
60280, 0.05, 0.03, 0.02
60383, 0.06, 0.02, 0.04
60484, 0.05, 0.02, 0.03
60585, 0.04, 0.02, 0.02
60688, 0.05, 0.01, 0.03
60789, 0.05, 0.02, 0.03
60891, 0.05, 0.03, 0.02
60992, 0.05, 0.02, 0.02
61094, 0.05, 0.01, 0.04
61196, 0.05, 0.02, 0.02
61297, 0.04, 0.03, 0.01
61400, 0.04, 0.01, 0.02
61501, 0.05, 0.02, 0.02
61602, 0.04, 0.02, 0.02
61704, 0.06, 0.02, 0.04
61806, 0.05, 0.02, 0.03
61907, 0.05, 0.02, 0.03
62009, 0.04, 0.01, 0.03
62110, 0.06, 0.03, 0.03
62213, 0.06, 0.02, 0.03
62314, 0.05, 0.03, 0.02
62415, 0.05, 0.02, 0.03
62518, 0.05, 0.02, 0.03
62619, 0.05, 0.03, 0.02
62721, 0.05, 0.02, 0.02
62822, 0.04, 0.01, 0.03
62924, 0.05, 0.00, 0.05
63026, 0.06, 0.02, 0.04
63127, 0.05, 0.02, 0.03
63229, 0.04, 0.03, 0.01
63331, 0.05, 0.02, 0.03
63432, 0.05, 0.01, 0.03
63534, 0.06, 0.03, 0.03
63636, 0.04, 0.03, 0.01
63737, 0.05, 0.02, 0.03
63839, 0.05, 0.02, 0.03
63941, 0.05, 0.01, 0.04
64043, 0.06, 0.02, 0.03
64144, 0.05, 0.02, 0.03
64245, 0.05, 0.02, 0.02
64348, 0.06, 0.02, 0.03
64449, 0.06, 0.02, 0.04
64550, 0.06, 0.03, 0.02
64653, 0.05, 0.02, 0.03
64754, 0.04, 0.01, 0.03
64856, 0.05, 0.02, 0.03
64957, 0.05, 0.01, 0.03
65059, 0.05, 0.01, 0.04
65161, 0.04, 0.03, 0.01
65262, 0.05, 0.02, 0.02
65364, 0.05, 0.03, 0.02
65466, 0.05, 0.02, 0.02
65567, 0.04, 0.02, 0.02
65669, 0.06, 0.02, 0.03
65771, 0.05, 0.02, 0.03
65872, 0.04, 0.02, 0.02
65974, 0.05, 0.01, 0.03
66075, 0.05, 0.01, 0.04
66178, 0.06, 0.01, 0.04
66279, 0.05, 0.01, 0.04
66380, 0.05, 0.02, 0.03
66483, 0.05, 0.02, 0.03
66584, 0.05, 0.03, 0.02
66685, 0.05, 0.02, 0.03
66787, 0.05, 0.03, 0.02
66889, 0.05, 0.02, 0.03
66991, 0.05, 0.02, 0.03
67092, 0.05, 0.01, 0.03
67194, 0.05, 0.01, 0.03
67296, 0.05, 0.01, 0.04
67397, 0.05, 0.03, 0.02
67499, 0.05, 0.02, 0.02
67601, 0.05, 0.03, 0.02
67702, 0.05, 0.02, 0.02
67804, 0.04, 0.03, 0.01
67906, 0.05, 0.03, 0.02
68007, 0.05, 0.03, 0.02
68109, 0.06, 0.03, 0.03
68210, 0.04, 0.02, 0.02
68313, 0.04, 0.02, 0.01
68414, 0.04, 0.01, 0.03
68515, 0.05, 0.02, 0.02
68617, 0.06, 0.02, 0.04
68719, 0.05, 0.02, 0.03
68820, 0.05, 0.02, 0.03
68922, 0.05, 0.03, 0.01
69024, 0.06, 0.03, 0.03
69126, 0.05, 0.03, 0.02
69227, 0.05, 0.04, 0.01
69329, 0.04, 0.02, 0.02
69431, 0.05, 0.01, 0.04
69532, 0.04, 0.02, 0.02
69634, 0.05, 0.01, 0.04
69736, 0.06, 0.03, 0.03
69837, 0.05, 0.03, 0.02
69939, 0.05, 0.03, 0.01
70040, 0.05, 0.02, 0.03
70142, 0.04, 0.03, 0.01
70244, 0.04, 0.02, 0.02
70345, 0.05, 0.02, 0.03
70448, 0.05, 0.02, 0.03
70549, 0.05, 0.02, 0.03
70650, 0.05, 0.01, 0.04
70752, 0.05, 0.01, 0.04
70854, 0.05, 0.02, 0.03
70956, 0.05, 0.01, 0.03
71057, 0.06, 0.02, 0.03
71159, 0.06, 0.02, 0.04
71261, 0.05, 0.02, 0.03
71362, 0.05, 0.01, 0.03
71463, 0.05, 0.01, 0.03
71566, 0.05, 0.04, 0.01
71667, 0.05, 0.02, 0.03
71769, 0.05, 0.01, 0.04
71871, 0.06, 0.02, 0.03
71972, 0.06, 0.02, 0.03
72074, 0.05, 0.02, 0.02
72175, 0.05, 0.02, 0.02
72278, 0.05, 0.02, 0.03
72379, 0.05, 0.02, 0.03
72480, 0.05, 0.01, 0.04
72582, 0.05, 0.03, 0.02
72684, 0.05, 0.02, 0.03
72785, 0.05, 0.02, 0.02
72887, 0.04, 0.02, 0.02
72989, 0.05, 0.02, 0.03
73091, 0.05, 0.01, 0.04
73192, 0.05, 0.01, 0.04
73293, 0.05, 0.03, 0.02
73396, 0.05, 0.03, 0.02
73497, 0.04, 0.02, 0.02
73598, 0.05, 0.02, 0.03
73701, 0.05, 0.02, 0.03
73802, 0.04, 0.01, 0.03
73904, 0.05, 0.02, 0.03
74005, 0.05, 0.02, 0.03
74107, 0.04, 0.02, 0.02
74209, 0.05, 0.02, 0.03
74310, 0.05, 0.03, 0.02
74413, 0.06, 0.03, 0.02
74514, 0.05, 0.03, 0.02
74615, 0.05, 0.03, 0.02
74717, 0.04, 0.02, 0.02
74819, 0.04, 0.01, 0.03
74920, 0.04, 0.02, 0.02
75022, 0.06, 0.01, 0.04
75124, 0.05, 0.02, 0.03
75226, 0.06, 0.02, 0.03
75327, 0.06, 0.02, 0.03
75428, 0.04, 0.02, 0.02
75531, 0.05, 0.01, 0.04
75632, 0.05, 0.01, 0.04
75734, 0.05, 0.01, 0.03
75835, 0.05, 0.02, 0.02
75937, 0.06, 0.04, 0.02
76039, 0.05, 0.01, 0.04
76140, 0.05, 0.02, 0.03
76242, 0.05, 0.01, 0.04
76344, 0.05, 0.02, 0.02
76445, 0.05, 0.02, 0.03
76547, 0.06, 0.03, 0.03
76649, 0.04, 0.03, 0.01
76750, 0.04, 0.01, 0.03
76852, 0.05, 0.02, 0.02
76954, 0.06, 0.02, 0.03
77056, 0.05, 0.02, 0.02
77157, 0.05, 0.03, 0.02
77258, 0.06, 0.02, 0.04
77361, 0.04, 0.04, 0.00
77462, 0.06, 0.02, 0.04
77563, 0.05, 0.02, 0.03
77666, 0.05, 0.02, 0.02
77767, 0.05, 0.02, 0.02
77869, 0.05, 0.02, 0.03
77970, 0.04, 0.02, 0.02
78072, 0.05, 0.03, 0.02
78174, 0.06, 0.03, 0.03
78275, 0.05, 0.02, 0.03
78377, 0.05, 0.01, 0.04
78479, 0.04, 0.00, 0.04
78580, 0.06, 0.04, 0.02
78682, 0.05, 0.02, 0.03
78784, 0.05, 0.03, 0.02
78885, 0.05, 0.02, 0.03
78987, 0.05, 0.01, 0.04
79088, 0.04, 0.01, 0.03
79191, 0.05, 0.02, 0.02
79292, 0.05, 0.01, 0.03
79393, 0.05, 0.02, 0.02
79496, 0.01, 0.02, -0.01
79597, 0.05, 0.02, 0.03
79698, 0.05, 0.04, 0.01
79800, 0.05, 0.01, 0.03
79902, 0.05, 0.02, 0.03
80004, 0.06, 0.02, 0.03
80105, 0.05, 0.03, 0.02
80207, 0.05, 0.02, 0.03
80309, 0.04, 0.01, 0.03
80410, 0.05, 0.02, 0.02
80512, 0.05, 0.01, 0.03
80614, 0.06, 0.02, 0.03
80715, 0.06, 0.02, 0.03
80817, 0.05, 0.02, 0.02
80919, 0.04, 0.02, 0.02
81020, 0.05, 0.02, 0.03
81122, 0.05, 0.03, 0.02
81223, 0.04, 0.02, 0.02
81326, 0.05, 0.02, 0.03
81427, 0.05, 0.02, 0.02
81528, 0.05, 0.01, 0.04
81631, 0.06, 0.01, 0.04
81732, 0.05, 0.04, 0.01
81833, 0.05, 0.03, 0.02
81935, 0.05, 0.02, 0.02
82037, 0.05, 0.03, 0.02
82139, 0.05, 0.03, 0.02
82240, 0.05, 0.03, 0.01
82342, 0.06, 0.03, 0.03
82444, 0.04, 0.02, 0.02
82545, 0.05, 0.03, 0.02
82647, 0.06, 0.02, 0.04
82749, 0.05, 0.03, 0.02
82850, 0.05, 0.02, 0.02
82952, 0.05, 0.02, 0.03
83053, 0.05, 0.03, 0.02
83155, 0.05, 0.03, 0.02
83257, 0.06, 0.02, 0.04
83358, 0.05, 0.02, 0.03
83461, 0.05, 0.01, 0.04
83562, 0.05, 0.01, 0.04
83663, 0.04, 0.02, 0.02
83765, 0.04, 0.02, 0.02
83867, 0.05, 0.03, 0.02
83969, 0.06, 0.03, 0.03
84070, 0.05, 0.02, 0.03
84172, 0.04, 0.01, 0.03
84274, 0.05, 0.03, 0.02
84375, 0.05, 0.03, 0.02
84476, 0.06, 0.03, 0.02
84579, 0.04, 0.02, 0.02
84680, 0.05, 0.02, 0.03
84782, 0.05, 0.01, 0.04
84884, 0.05, 0.01, 0.04
84985, 0.05, 0.01, 0.04
85087, 0.05, 0.02, 0.03
85188, 0.04, 0.02, 0.02
85291, 0.05, 0.02, 0.03
85392, 0.05, 0.03, 0.02
85493, 0.06, 0.02, 0.04
85596, 0.05, 0.03, 0.02
85697, 0.04, 0.02, 0.02
85798, 0.05, 0.04, 0.01
85900, 0.06, 0.02, 0.04
86002, 0.05, 0.01, 0.03
86104, 0.05, 0.02, 0.03
86205, 0.05, 0.03, 0.01
86306, 0.06, 0.04, 0.02
86409, 0.04, 0.02, 0.02
86510, 0.05, 0.04, 0.01
86611, 0.04, 0.03, 0.01
86714, 0.04, 0.02, 0.02
86815, 0.05, 0.01, 0.03
86917, 0.05, 0.02, 0.03
87018, 0.05, 0.03, 0.02
87120, 0.05, 0.02, 0.03
87222, 0.04, 0.01, 0.03
87323, 0.05, 0.02, 0.03
87426, 0.05, 0.02, 0.03
87527, 0.05, 0.03, 0.02
87628, 0.05, 0.02, 0.03
87730, 0.04, 0.02, 0.02
87832, 0.05, 0.03, 0.01
87933, 0.04, 0.02, 0.02
88035, 0.05, 0.02, 0.02
88137, 0.05, 0.01, 0.04
88239, 0.05, 0.00, 0.05
88340, 0.05, 0.02, 0.03
88441, 0.05, 0.01, 0.04
88544, 0.06, 0.03, 0.03
88645, 0.05, 0.03, 0.02
88747, 0.06, 0.03, 0.03
88848, 0.05, 0.02, 0.03
88950, 0.05, 0.01, 0.03
89052, 0.05, 0.02, 0.03
89153, 0.05, 0.01, 0.03
89255, 0.05, 0.02, 0.03
89357, 0.05, 0.03, 0.02
89458, 0.05, 0.02, 0.03
89560, 0.05, 0.02, 0.03
89662, 0.05, 0.03, 0.02
89763, 0.05, 0.03, 0.02
89865, 0.05, 0.02, 0.03
89967, 0.05, 0.02, 0.03
90068, 0.05, 0.02, 0.02
90170, 0.05, 0.03, 0.02
90271, 0.04, 0.02, 0.02
90374, 0.05, 0.02, 0.03
90475, 0.05, 0.02, 0.02
90576, 0.06, 0.03, 0.03
90679, 0.05, 0.02, 0.03
90780, 0.05, 0.03, 0.02
90882, 0.05, 0.02, 0.03
90983, 0.04, 0.02, 0.02
91085, 0.05, 0.01, 0.04
91187, 0.04, 0.01, 0.03
91288, 0.04, 0.02, 0.02
91389, 0.05, 0.02, 0.02
91492, 0.04, 0.02, 0.02
91593, 0.06, 0.02, 0.03
91695, 0.05, 0.02, 0.03
91797, 0.06, 0.02, 0.03
91898, 0.05, 0.03, 0.02
92000, 0.05, 0.02, 0.02
92101, 0.05, 0.04, 0.01
92204, 0.04, 0.02, 0.02
92305, 0.04, 0.02, 0.02
92406, 0.05, 0.03, 0.02
92509, 0.04, 0.02, 0.02
92610, 0.06, 0.02, 0.03
92711, 0.05, 0.02, 0.03
92813, 0.06, 0.02, 0.04
92915, 0.05, 0.03, 0.02
93017, 0.04, 0.02, 0.02
93118, 0.05, 0.02, 0.03
93220, 0.05, 0.01, 0.04
93322, 0.04, 0.01, 0.03
93423, 0.05, 0.03, 0.02
93524, 0.06, 0.02, 0.04
93627, 0.05, 0.02, 0.03
93728, 0.05, 0.01, 0.04
93830, 0.06, 0.02, 0.04
93932, 0.06, 0.03, 0.03
94033, 0.04, 0.03, 0.01
94135, 0.05, 0.02, 0.03
94236, 0.05, 0.03, 0.02
94339, 0.05, 0.03, 0.02
94440, 0.05, 0.02, 0.03
94541, 0.05, 0.02, 0.03
94644, 0.06, 0.02, 0.04
94745, 0.05, 0.02, 0.03
94846, 0.05, 0.01, 0.04
94948, 0.04, 0.02, 0.02
95050, 0.04, 0.01, 0.03
95152, 0.04, 0.04, 0.00
95253, 0.05, 0.02, 0.02
95355, 0.05, 0.02, 0.03
95457, 0.05, 0.02, 0.02
95558, 0.04, 0.01, 0.03
95660, 0.05, 0.00, 0.04
95762, 0.04, 0.01, 0.03
95863, 0.05, 0.02, 0.03
95965, 0.04, 0.03, 0.01
96066, 0.05, 0.02, 0.03
96168, 0.05, 0.03, 0.02
96270, 0.05, 0.04, 0.01
96371, 0.05, 0.03, 0.01
96474, 0.04, 0.02, 0.02
96575, 0.05, 0.03, 0.02
96676, 0.06, 0.02, 0.04
96778, 0.05, 0.01, 0.04
96880, 0.05, 0.01, 0.04
96982, 0.04, 0.01, 0.03
97083, 0.05, 0.02, 0.02
97185, 0.06, 0.03, 0.03
97287, 0.04, 0.02, 0.02
97388, 0.06, 0.03, 0.02
97489, 0.05, 0.03, 0.02
97592, 0.05, 0.02, 0.03
97693, 0.05, 0.02, 0.03
97795, 0.04, 0.01, 0.03
97897, 0.04, 0.02, 0.02
97998, 0.05, 0.01, 0.03
98100, 0.06, 0.03, 0.03
98201, 0.06, 0.02, 0.04
98304, 0.05, 0.02, 0.03
98405, 0.05, 0.03, 0.02
98506, 0.05, 0.03, 0.01
98608, 0.05, 0.01, 0.03
98710, 0.05, 0.01, 0.04
98811, 0.05, 0.01, 0.04
98913, 0.04, 0.01, 0.03
99015, 0.04, 0.01, 0.03
99117, 0.06, 0.01, 0.04
99218, 0.05, 0.03, 0.01
99319, 0.06, 0.03, 0.03
99422, 0.05, 0.03, 0.02
99523, 0.05, 0.03, 0.02
99624, 0.05, 0.03, 0.02
99727, 0.05, 0.03, 0.02
99828, 0.05, 0.02, 0.03
99930, 0.04, 0.02, 0.02
100031, 0.05, 0.01, 0.04
100133, 0.06, 0.02, 0.04
100235, 0.05, 0.03, 0.02
100336, 0.05, 0.01, 0.04
100439, 0.05, 0.03, 0.02
100540, 0.06, 0.02, 0.03
100641, 0.05, 0.02, 0.02
100744, 0.05, 0.03, 0.02
100845, 0.06, 0.03, 0.03
100946, 0.04, 0.01, 0.03
101049, 0.05, 0.02, 0.02
101150, 0.05, 0.01, 0.04
101252, 0.05, 0.02, 0.02
101354, 0.05, 0.01, 0.04
101455, 0.06, 0.03, 0.02
101557, 0.05, 0.01, 0.03
101659, 0.06, 0.03, 0.02
101761, 0.05, 0.01, 0.03
101862, 0.05, 0.03, 0.01
101964, 0.06, 0.02, 0.04
102066, 0.05, 0.02, 0.02
102167, 0.04, 0.01, 0.03
102269, 0.05, 0.03, 0.02
102371, 0.06, 0.02, 0.04
102472, 0.05, 0.03, 0.02
102575, 0.05, 0.03, 0.02
102676, 0.05, 0.02, 0.03
102777, 0.05, 0.03, 0.02
102880, 0.06, 0.03, 0.03
102981, 0.05, 0.03, 0.02
103083, 0.05, 0.02, 0.02
103185, 0.06, 0.01, 0.04
103286, 0.06, 0.02, 0.04
103388, 0.06, 0.02, 0.04
103490, 0.05, 0.03, 0.02
103591, 0.06, 0.03, 0.03
103693, 0.05, 0.03, 0.02
103795, 0.04, 0.02, 0.02
103897, 0.06, 0.01, 0.05
103998, 0.05, 0.02, 0.03
104100, 0.04, 0.03, 0.01
104202, 0.06, 0.01, 0.04
104303, 0.05, 0.03, 0.02
104406, 0.05, 0.01, 0.04
104507, 0.04, 0.01, 0.03
104608, 0.05, 0.03, 0.02
104711, 0.04, 0.03, 0.01
104812, 0.05, 0.04, 0.01
104913, 0.04, 0.01, 0.03
105016, 0.05, 0.03, 0.02
105117, 0.06, 0.02, 0.03
105219, 0.06, 0.02, 0.04
105321, 0.05, 0.02, 0.02
105422, 0.04, 0.02, 0.02
105524, 0.05, 0.02, 0.02
105626, 0.05, 0.04, 0.01
105728, 0.04, 0.02, 0.02
105829, 0.05, 0.01, 0.04
105931, 0.05, 0.03, 0.01
106033, 0.05, 0.03, 0.02
106134, 0.05, 0.02, 0.03
106236, 0.04, 0.02, 0.02
106338, 0.05, 0.02, 0.03
106439, 0.05, 0.02, 0.03
106542, 0.05, 0.00, 0.05
106643, 0.05, 0.02, 0.03
106744, 0.05, 0.03, 0.02
106847, 0.05, 0.03, 0.01
106948, 0.06, 0.03, 0.03
107049, 0.06, 0.03, 0.03
107152, 0.05, 0.02, 0.03
107253, 0.05, 0.02, 0.03
107355, 0.05, 0.03, 0.02
107457, 0.05, 0.01, 0.04
107558, 0.06, 0.02, 0.04
107660, 0.05, 0.04, 0.01
107762, 0.03, 0.02, 0.01
107864, 0.05, 0.03, 0.02
107965, 0.05, 0.03, 0.02
108067, 0.05, 0.01, 0.03
108169, 0.05, 0.02, 0.02
108270, 0.05, 0.02, 0.02
108371, 0.05, 0.03, 0.02
108474, 0.05, 0.00, 0.05
108575, 0.06, 0.02, 0.03
108677, 0.05, 0.01, 0.03
108779, 0.06, 0.03, 0.03
108880, 0.05, 0.03, 0.02
108982, 0.05, 0.02, 0.03
109084, 0.04, 0.02, 0.02
109186, 0.05, 0.02, 0.03
109287, 0.05, 0.02, 0.03
109389, 0.05, 0.02, 0.03
109491, 0.05, 0.04, 0.01
109592, 0.05, 0.01, 0.04
109694, 0.06, 0.02, 0.03
109796, 0.05, 0.02, 0.03
109897, 0.05, 0.02, 0.03
110000, 0.05, 0.03, 0.02
110101, 0.06, 0.02, 0.03
110202, 0.05, 0.04, 0.01
110305, 0.05, 0.02, 0.02
110406, 0.05, 0.01, 0.04
110508, 0.05, 0.02, 0.03
110610, 0.05, 0.02, 0.02
110711, 0.05, 0.02, 0.03
110813, 0.05, 0.03, 0.02
110915, 0.05, 0.03, 0.02
111016, 0.05, 0.04, 0.01
111118, 0.04, 0.02, 0.02
111220, 0.05, 0.03, 0.02
111322, 0.05, 0.03, 0.02
111423, 0.06, 0.03, 0.03
111525, 0.05, 0.02, 0.03
111627, 0.05, 0.02, 0.02
111728, 0.06, 0.01, 0.04
111831, 0.04, 0.02, 0.02
111932, 0.05, 0.02, 0.03
112033, 0.06, 0.02, 0.03
112136, 0.05, 0.03, 0.02
112237, 0.05, 0.02, 0.03
112338, 0.05, 0.03, 0.01
112441, 0.05, 0.02, 0.03
112542, 0.05, 0.02, 0.03
112644, 0.05, 0.03, 0.02
112746, 0.05, 0.02, 0.03
112847, 0.05, 0.02, 0.02
112949, 0.05, 0.01, 0.04
113051, 0.05, 0.03, 0.02
113153, 0.05, 0.03, 0.02
113254, 0.05, 0.04, 0.01
113356, 0.05, 0.02, 0.03
113458, 0.04, 0.01, 0.03
113559, 0.05, 0.02, 0.03
113661, 0.05, 0.02, 0.03
113763, 0.05, 0.01, 0.04
113864, 0.05, 0.02, 0.02
113967, 0.06, 0.02, 0.04
114068, 0.05, 0.03, 0.02
114169, 0.05, 0.03, 0.02
114272, 0.06, 0.04, 0.02
114373, 0.08, 0.03, 0.04
114475, 0.04, 0.02, 0.02
114577, 0.06, 0.02, 0.04
114678, 0.05, 0.03, 0.01
114780, 0.05, 0.01, 0.04
114882, 0.05, 0.02, 0.03
114983, 0.05, 0.03, 0.02
115085, 0.06, 0.03, 0.03
115187, 0.04, 0.01, 0.03
115289, 0.05, 0.03, 0.02
115390, 0.05, 0.03, 0.02
115492, 0.05, 0.02, 0.02
115594, 0.04, 0.02, 0.02
115695, 0.06, 0.01, 0.04
115796, 0.04, 0.03, 0.01
115899, 0.05, 0.00, 0.05
116000, 0.05, 0.03, 0.02
116102, 0.05, 0.02, 0.02
116204, 0.05, 0.03, 0.02
116305, 0.05, 0.02, 0.02
116407, 0.05, 0.02, 0.03
116509, 0.05, 0.03, 0.01
116611, 0.05, 0.01, 0.03
116712, 0.05, 0.04, 0.01
116814, 0.04, 0.02, 0.02
116916, 0.05, 0.01, 0.03
117017, 0.05, 0.03, 0.02
117120, 0.06, 0.02, 0.04
117221, 0.05, 0.02, 0.03
117322, 0.05, 0.01, 0.04
117425, 0.05, 0.03, 0.02
117526, 0.05, 0.02, 0.02
117627, 0.05, 0.03, 0.01
117730, 0.05, 0.01, 0.03
117831, 0.06, 0.01, 0.04
117933, 0.05, 0.02, 0.03
118035, 0.05, 0.02, 0.03
118136, 0.06, 0.03, 0.03
118238, 0.04, 0.01, 0.03
118340, 0.05, 0.03, 0.02
118441, 0.05, 0.02, 0.03
118543, 0.04, 0.03, 0.01
118645, 0.05, 0.03, 0.02
118747, 0.05, 0.03, 0.02
118848, 0.04, 0.02, 0.02
118950, 0.05, 0.01, 0.04
119052, 0.05, 0.03, 0.02
119153, 0.06, 0.03, 0.03
119256, 0.05, 0.02, 0.03
119357, 0.05, 0.03, 0.02
119458, 0.05, 0.03, 0.02
119561, 0.04, 0.02, 0.02
119662, 0.05, 0.02, 0.03
119763, 0.05, 0.02, 0.02
119866, 0.05, 0.02, 0.02
119967, 0.05, 0.01, 0.04
120069, 0.04, 0.02, 0.02
120171, 0.04, 0.01, 0.03
120272, 0.06, 0.02, 0.04
120374, 0.06, 0.02, 0.03
120476, 0.06, 0.02, 0.04
120578, 0.05, 0.03, 0.02
120679, 0.06, 0.03, 0.02
120781, 0.05, 0.03, 0.02
120883, 0.05, 0.01, 0.04
120984, 0.05, 0.02, 0.03
121086, 0.05, 0.02, 0.02
121188, 0.05, 0.02, 0.03
121289, 0.05, 0.02, 0.02
121392, 0.06, 0.02, 0.03
121493, 0.05, 0.02, 0.03
121594, 0.05, 0.03, 0.02
121697, 0.05, 0.03, 0.01
121798, 0.05, 0.04, 0.01
121900, 0.06, 0.02, 0.04
122002, 0.06, 0.02, 0.03
122103, 0.05, 0.02, 0.03
122205, 0.06, 0.02, 0.04
122307, 0.05, 0.01, 0.03
122408, 0.05, 0.03, 0.02
122510, 0.05, 0.04, 0.01
122612, 0.06, 0.02, 0.04
122714, 0.05, 0.02, 0.03
122815, 0.05, 0.02, 0.02
122917, 0.05, 0.02, 0.03
123019, 0.05, 0.03, 0.02
123120, 0.04, 0.02, 0.02
123223, 0.05, 0.01, 0.04
123324, 0.05, 0.03, 0.02
123425, 0.06, 0.02, 0.03
123528, 0.04, 0.02, 0.02
123629, 0.05, 0.03, 0.02
123730, 0.06, 0.03, 0.03
123833, 0.05, 0.02, 0.02
123934, 0.05, 0.02, 0.03
124036, 0.06, 0.03, 0.02
124137, 0.05, 0.01, 0.04
124239, 0.05, 0.01, 0.03
124341, 0.06, 0.02, 0.03
124442, 0.05, 0.01, 0.04
124545, 0.05, 0.01, 0.03
124646, 0.06, 0.03, 0.03
124747, 0.05, 0.02, 0.03
124850, 0.05, 0.02, 0.03
124951, 0.05, 0.03, 0.01
125052, 0.06, 0.03, 0.02
125155, 0.05, 0.02, 0.03
125256, 0.04, 0.01, 0.03
125358, 0.05, 0.02, 0.03
125460, 0.04, 0.02, 0.02
125561, 0.05, 0.02, 0.03
125663, 0.05, 0.02, 0.03
125765, 0.05, 0.03, 0.02
125867, 0.05, 0.02, 0.03
125968, 0.05, 0.02, 0.03
126070, 0.05, 0.03, 0.02
126172, 0.05, 0.03, 0.01
126273, 0.05, 0.03, 0.02
126375, 0.05, 0.02, 0.03
126477, 0.05, 0.01, 0.03
126578, 0.06, 0.03, 0.03
126681, 0.05, 0.02, 0.02
126782, 0.04, 0.03, 0.01
126883, 0.06, 0.03, 0.03
126986, 0.05, 0.02, 0.03
127087, 0.05, 0.03, 0.02
127188, 0.05, 0.02, 0.03
127291, 0.05, 0.04, 0.01
127392, 0.04, 0.04, 0.00
127494, 0.06, 0.02, 0.04
127596, 0.05, 0.01, 0.04
127697, 0.06, 0.02, 0.04
127799, 0.06, 0.03, 0.02
127901, 0.06, 0.03, 0.03
128003, 0.05, 0.02, 0.03
128104, 0.05, 0.03, 0.02
128206, 0.05, 0.02, 0.02
128308, 0.05, 0.02, 0.02
128409, 0.04, 0.02, 0.02
128512, 0.04, 0.03, 0.01
128613, 0.05, 0.00, 0.05
128714, 0.05, 0.02, 0.03
128817, 0.05, 0.02, 0.03
128918, 0.05, 0.03, 0.02
129019, 0.05, 0.03, 0.02
129122, 0.05, 0.02, 0.03
129223, 0.05, 0.03, 0.01
129325, 0.06, 0.01, 0.05
129427, 0.05, 0.03, 0.02
129528, 0.04, 0.02, 0.02
129630, 0.05, 0.02, 0.03
129732, 0.05, 0.01, 0.04
129833, 0.05, 0.03, 0.02
129935, 0.05, 0.02, 0.03
130037, 0.05, 0.03, 0.02
130139, 0.05, 0.01, 0.03
130240, 0.05, 0.03, 0.02
130342, 0.05, 0.03, 0.02
130444, 0.05, 0.02, 0.03
130545, 0.05, 0.02, 0.03
130648, 0.05, 0.03, 0.02
130749, 0.05, 0.02, 0.03
130850, 0.05, 0.02, 0.03
130953, 0.05, 0.02, 0.03
131054, 0.05, 0.02, 0.03
131155, 0.04, 0.03, 0.01
131258, 0.05, 0.02, 0.03
131359, 0.05, 0.04, 0.01
131461, 0.06, 0.03, 0.03
131562, 0.06, 0.01, 0.04
131664, 0.04, 0.05, -0.00
131766, 0.04, 0.01, 0.03
131867, 0.05, 0.03, 0.02
131970, 0.05, 0.02, 0.03
132071, 0.05, 0.03, 0.02
132172, 0.05, 0.03, 0.02
132275, 0.06, 0.03, 0.03
132376, 0.05, 0.03, 0.02
132477, 0.05, 0.01, 0.03
132580, 0.06, 0.02, 0.04
132681, 0.06, 0.02, 0.04
132783, 0.05, 0.01, 0.03
132885, 0.05, 0.02, 0.02
132986, 0.05, 0.02, 0.03
133088, 0.05, 0.01, 0.03
133190, 0.05, 0.02, 0.03
133292, 0.05, 0.02, 0.03
133393, 0.05, 0.03, 0.02
133495, 0.05, 0.02, 0.03
133597, 0.05, 0.02, 0.02
133698, 0.05, 0.01, 0.03
133800, 0.05, 0.02, 0.03
133902, 0.05, 0.01, 0.04
134003, 0.05, 0.03, 0.02
134106, 0.05, 0.02, 0.03
134207, 0.04, 0.03, 0.01
134308, 0.05, 0.01, 0.04
134411, 0.06, 0.03, 0.02
134512, 0.05, 0.03, 0.02
134614, 0.05, 0.02, 0.02
134716, 0.05, 0.03, 0.02
134817, 0.06, 0.02, 0.03
134919, 0.05, 0.02, 0.02
135021, 0.04, 0.02, 0.02
135122, 0.05, 0.01, 0.04
135224, 0.05, 0.03, 0.02
135326, 0.06, 0.03, 0.03
135428, 0.05, 0.02, 0.03
135529, 0.05, 0.02, 0.02
135631, 0.05, 0.02, 0.03
135733, 0.05, 0.03, 0.02
135834, 0.05, 0.02, 0.02
135937, 0.05, 0.02, 0.03
136038, 0.05, 0.03, 0.02
136139, 0.06, 0.02, 0.04
136242, 0.04, 0.02, 0.02
136343, 0.04, 0.03, 0.01
136444, 0.05, 0.03, 0.02
136547, 0.05, 0.02, 0.02
136648, 0.05, 0.04, 0.01
136750, 0.06, 0.03, 0.03
136852, 0.04, 0.02, 0.02
136953, 0.04, 0.02, 0.02
137055, 0.06, 0.03, 0.03
137157, 0.04, 0.01, 0.03
137259, 0.05, 0.01, 0.04
137360, 0.05, 0.03, 0.02
137462, 0.06, 0.03, 0.03
137564, 0.05, 0.02, 0.03
137665, 0.05, 0.02, 0.02
137767, 0.04, 0.02, 0.02
137869, 0.05, 0.03, 0.02
137970, 0.05, 0.03, 0.02
138073, 0.05, 0.01, 0.04
138174, 0.04, 0.03, 0.01
138275, 0.05, 0.02, 0.03
138378, 0.06, 0.02, 0.03
138479, 0.04, 0.02, 0.02
138580, 0.05, 0.01, 0.03
138683, 0.06, 0.03, 0.03
138784, 0.05, 0.02, 0.03
138886, 0.05, 0.03, 0.02
138988, 0.05, 0.01, 0.04
139089, 0.05, 0.04, 0.01
139191, 0.04, 0.02, 0.02
139293, 0.05, 0.01, 0.03
139395, 0.06, 0.03, 0.03
139496, 0.05, 0.02, 0.03
139598, 0.05, 0.00, 0.05
139700, 0.05, 0.04, 0.01
139801, 0.05, 0.02, 0.03
139902, 0.05, 0.03, 0.02
140005, 0.05, 0.02, 0.03
140106, 0.04, 0.02, 0.02
140208, 0.05, 0.02, 0.02
140310, 0.05, 0.01, 0.04
140411, 0.05, 0.03, 0.01
140513, 0.04, 0.02, 0.02
140615, 0.06, 0.03, 0.03
140717, 0.06, 0.04, 0.02
140818, 0.05, 0.01, 0.04
140920, 0.05, 0.03, 0.02
141022, 0.06, 0.02, 0.03
141123, 0.05, 0.03, 0.02
141225, 0.05, 0.02, 0.03
141327, 0.06, 0.02, 0.03
141428, 0.05, 0.02, 0.03
141531, 0.04, 0.02, 0.02
141632, 0.05, 0.01, 0.03
141733, 0.05, 0.03, 0.02
141836, 0.04, 0.02, 0.02
141937, 0.05, 0.02, 0.03
142039, 0.05, 0.02, 0.03
142141, 0.04, 0.03, 0.01
142242, 0.05, 0.03, 0.02
142344, 0.04, 0.02, 0.02
142446, 0.05, 0.01, 0.04
142547, 0.05, 0.03, 0.02
142649, 0.05, 0.01, 0.03
142751, 0.05, 0.02, 0.02
142853, 0.05, 0.02, 0.02
142954, 0.05, 0.03, 0.02
143056, 0.05, 0.01, 0.03
143158, 0.05, 0.03, 0.02
143259, 0.06, 0.02, 0.03
143362, 0.05, 0.03, 0.01
143463, 0.05, 0.02, 0.02
143564, 0.05, 0.02, 0.03
143667, 0.04, 0.02, 0.02
143768, 0.05, 0.01, 0.04
143869, 0.05, 0.03, 0.02
143972, 0.05, 0.03, 0.02
144073, 0.05, 0.02, 0.03
144175, 0.06, 0.04, 0.02
144277, 0.05, 0.02, 0.02
144378, 0.05, 0.02, 0.03
144480, 0.05, 0.03, 0.02
144582, 0.05, 0.01, 0.03
144684, 0.06, 0.01, 0.04
144785, 0.06, 0.02, 0.04
144887, 0.06, 0.03, 0.03
144989, 0.05, 0.02, 0.03
145090, 0.05, 0.01, 0.04
145192, 0.05, 0.03, 0.01
145294, 0.04, 0.02, 0.02
145395, 0.06, 0.01, 0.05
145498, 0.05, 0.03, 0.02
145599, 0.06, 0.03, 0.03
145700, 0.06, 0.01, 0.05
145803, 0.05, 0.02, 0.02
145904, 0.06, 0.01, 0.04
146006, 0.05, 0.02, 0.03
146108, 0.05, 0.02, 0.03
146209, 0.05, 0.03, 0.02
146311, 0.05, 0.04, 0.01
146413, 0.06, 0.02, 0.04
146514, 0.05, 0.02, 0.02
146616, 0.04, 0.02, 0.02
146718, 0.04, 0.02, 0.02
146820, 0.05, 0.02, 0.03
146921, 0.06, 0.03, 0.03
147023, 0.04, 0.01, 0.03
147125, 0.06, 0.03, 0.03
147226, 0.05, 0.02, 0.03
147329, 0.06, 0.02, 0.03
147430, 0.05, 0.03, 0.02
147531, 0.05, 0.03, 0.02
147634, 0.05, 0.04, 0.01
147735, 0.05, 0.01, 0.03
147836, 0.06, 0.02, 0.03
147939, 0.05, 0.02, 0.03
148040, 0.05, 0.02, 0.03
148142, 0.05, 0.02, 0.03
148244, 0.06, 0.04, 0.02
148345, 0.05, 0.04, 0.01
148447, 0.05, 0.02, 0.03
148549, 0.05, 0.03, 0.02
148651, 0.06, 0.02, 0.03
148752, 0.05, 0.02, 0.03
148854, 0.05, 0.03, 0.01
148956, 0.04, 0.02, 0.02
149057, 0.06, 0.03, 0.03
149159, 0.05, 0.02, 0.03
149261, 0.06, 0.03, 0.03
149362, 0.05, 0.03, 0.02
149464, 0.05, 0.03, 0.02
149566, 0.05, 0.03, 0.02
149667, 0.06, 0.03, 0.03
149769, 0.04, 0.02, 0.02
149871, 0.04, 0.02, 0.02
149972, 0.05, 0.02, 0.03
150074, 0.05, 0.02, 0.02
150176, 0.06, 0.01, 0.04
150278, 0.05, 0.02, 0.02
150379, 0.06, 0.03, 0.03
150481, 0.05, 0.04, 0.01
150583, 0.05, 0.02, 0.03
150684, 0.06, 0.02, 0.03
150787, 0.06, 0.02, 0.03
150888, 0.05, 0.02, 0.03
150989, 0.05, 0.03, 0.02
151092, 0.04, 0.02, 0.02
151193, 0.05, 0.01, 0.04
151294, 0.05, 0.03, 0.02
151397, 0.06, 0.03, 0.03
151498, 0.05, 0.03, 0.02
151600, 0.05, 0.02, 0.03
151702, 0.05, 0.02, 0.03
151803, 0.05, 0.02, 0.03
151905, 0.06, 0.02, 0.04
152007, 0.05, 0.03, 0.02
152109, 0.05, 0.02, 0.03
152210, 0.04, 0.03, 0.01
152312, 0.06, 0.02, 0.04
152414, 0.04, 0.03, 0.01
152515, 0.06, 0.03, 0.03
152617, 0.04, 0.03, 0.01
152719, 0.05, 0.03, 0.02
152820, 0.06, 0.03, 0.02
152923, 0.05, 0.03, 0.02
153024, 0.04, 0.02, 0.02
153125, 0.07, 0.02, 0.04
153228, 0.06, 0.02, 0.03
153329, 0.04, 0.01, 0.03
153431, 0.06, 0.03, 0.03
153533, 0.05, 0.02, 0.03
153634, 0.05, 0.03, 0.02
153736, 0.05, 0.02, 0.03
153838, 0.05, 0.02, 0.02
153939, 0.04, 0.01, 0.03
154041, 0.05, 0.03, 0.02
154143, 0.05, 0.02, 0.02
154245, 0.05, 0.01, 0.04
154346, 0.05, 0.03, 0.02
154448, 0.06, 0.04, 0.02
154550, 0.05, 0.02, 0.03
154651, 0.05, 0.03, 0.02
154754, 0.05, 0.03, 0.01
154855, 0.05, 0.02, 0.03
154956, 0.05, 0.02, 0.03
155059, 0.06, 0.03, 0.03
155160, 0.04, 0.02, 0.02
155261, 0.05, 0.02, 0.02
155364, 0.06, 0.03, 0.03
155465, 0.05, 0.03, 0.02
155567, 0.06, 0.02, 0.04
155669, 0.05, 0.02, 0.02
155770, 0.05, 0.03, 0.02
155872, 0.05, 0.04, 0.01
155974, 0.05, 0.02, 0.02
156076, 0.06, 0.03, 0.02
156177, 0.05, 0.03, 0.02
156279, 0.05, 0.02, 0.03
156381, 0.04, 0.03, 0.01
156482, 0.05, 0.02, 0.02
156584, 0.06, 0.04, 0.02
156686, 0.05, 0.04, 0.01
156787, 0.05, 0.01, 0.04
156890, 0.04, 0.03, 0.01
156991, 0.06, 0.02, 0.04
157092, 0.05, 0.04, 0.01
157195, 0.05, 0.02, 0.03
157296, 0.05, 0.02, 0.03
157398, 0.05, 0.02, 0.02
157500, 0.05, 0.01, 0.04
157601, 0.05, 0.03, 0.02
157703, 0.05, 0.02, 0.03
157805, 0.06, 0.03, 0.03
157906, 0.05, 0.02, 0.03
158008, 0.06, 0.03, 0.02
158110, 0.05, 0.03, 0.02
158212, 0.04, 0.03, 0.01
158313, 0.06, 0.03, 0.03
158415, 0.06, 0.01, 0.05
158517, 0.05, 0.02, 0.03
158618, 0.05, 0.01, 0.04
158721, 0.06, 0.02, 0.03
158822, 0.05, 0.03, 0.02
158923, 0.05, 0.02, 0.02
159026, 0.05, 0.03, 0.02
159127, 0.05, 0.03, 0.02
159228, 0.05, 0.03, 0.02
159331, 0.05, 0.02, 0.03
159432, 0.05, 0.03, 0.01
159534, 0.04, 0.03, 0.01
159636, 0.05, 0.02, 0.03
159737, 0.05, 0.01, 0.03
159839, 0.05, 0.02, 0.03
159941, 0.06, 0.04, 0.02
160043, 0.05, 0.05, 0.00
160144, 0.05, 0.02, 0.02
160246, 0.05, 0.03, 0.02
160348, 0.06, 0.02, 0.03
160449, 0.05, 0.03, 0.02
160551, 0.05, 0.01, 0.04
160653, 0.05, 0.02, 0.03
160754, 0.08, 0.03, 0.04
160856, 0.06, 0.02, 0.03
160958, 0.05, 0.03, 0.02
161059, 0.04, 0.01, 0.03
161161, 0.06, 0.03, 0.02
161263, 0.04, 0.04, 0.00
161364, 0.05, 0.03, 0.02
161466, 0.05, 0.02, 0.02
161568, 0.04, 0.01, 0.03
161670, 0.05, 0.01, 0.03
161771, 0.05, 0.02, 0.03
161873, 0.05, 0.01, 0.04
161975, 0.06, 0.02, 0.03
162076, 0.06, 0.03, 0.03
162179, 0.06, 0.03, 0.03
162280, 0.06, 0.03, 0.03
162381, 0.04, 0.02, 0.02
162484, 0.04, 0.01, 0.03
162585, 0.06, 0.03, 0.02
162686, 0.06, 0.02, 0.04
162789, 0.05, 0.02, 0.03
162890, 0.05, 0.01, 0.04
162992, 0.05, 0.02, 0.02
163094, 0.05, 0.02, 0.03
163195, 0.05, 0.02, 0.03
163297, 0.05, 0.04, 0.01
163399, 0.05, 0.02, 0.03
163501, 0.06, 0.03, 0.03
163602, 0.05, 0.02, 0.03
163704, 0.05, 0.02, 0.03
163806, 0.05, 0.01, 0.03
163907, 0.06, 0.02, 0.04
164009, 0.05, 0.01, 0.04
164111, 0.06, 0.03, 0.03
164212, 0.05, 0.03, 0.02
164315, 0.06, 0.03, 0.02
164416, 0.06, 0.02, 0.04
164517, 0.06, 0.02, 0.04
164620, 0.06, 0.03, 0.03
164721, 0.05, 0.02, 0.03
164823, 0.05, 0.00, 0.05
164925, 0.05, 0.02, 0.02
165026, 0.05, 0.02, 0.03
165128, 0.05, 0.02, 0.03
165230, 0.05, 0.02, 0.02
165331, 0.05, 0.03, 0.02
165433, 0.05, 0.04, 0.01
165535, 0.04, 0.02, 0.02
165637, 0.05, 0.02, 0.02
165738, 0.05, 0.03, 0.02
165840, 0.06, 0.02, 0.04
165942, 0.05, 0.02, 0.02
166043, 0.05, 0.01, 0.04
166146, 0.05, 0.03, 0.02
166247, 0.05, 0.02, 0.02
166348, 0.05, 0.02, 0.03
166451, 0.06, 0.03, 0.03
166552, 0.05, 0.04, 0.01
166653, 0.04, 0.02, 0.02
166756, 0.05, 0.02, 0.03
166857, 0.05, 0.03, 0.02
166959, 0.06, 0.01, 0.04
167061, 0.05, 0.02, 0.02
167162, 0.05, 0.02, 0.03
167264, 0.05, 0.03, 0.02
167366, 0.05, 0.04, 0.01
167468, 0.05, 0.02, 0.02
167569, 0.05, 0.03, 0.01
167670, 0.06, 0.01, 0.04
167773, 0.06, 0.03, 0.03
167874, 0.04, 0.02, 0.01
167975, 0.05, 0.03, 0.02
168078, 0.05, 0.01, 0.04
168179, 0.05, 0.02, 0.03
168281, 0.05, 0.01, 0.04
168383, 0.06, 0.04, 0.02
168484, 0.05, 0.02, 0.03
168586, 0.05, 0.03, 0.02
168688, 0.06, 0.02, 0.03
168790, 0.05, 0.03, 0.02
168891, 0.05, 0.02, 0.02
168993, 0.05, 0.02, 0.02
169095, 0.06, 0.02, 0.03
169196, 0.06, 0.01, 0.05
169298, 0.05, 0.01, 0.03
169400, 0.05, 0.03, 0.02
169501, 0.06, 0.03, 0.03
169604, 0.06, 0.04, 0.02
169705, 0.05, 0.03, 0.02
169806, 0.06, 0.03, 0.03
169909, 0.05, 0.02, 0.03
170010, 0.05, 0.01, 0.03
170112, 0.05, 0.01, 0.04
170214, 0.05, 0.01, 0.03
170315, 0.04, 0.03, 0.01
170417, 0.06, 0.04, 0.02
170519, 0.06, 0.01, 0.05
170620, 0.05, 0.03, 0.01
170722, 0.06, 0.03, 0.03
170824, 0.05, 0.04, 0.01
170926, 0.06, 0.02, 0.04
171027, 0.05, 0.03, 0.02
171129, 0.04, 0.01, 0.03
171231, 0.05, 0.02, 0.03
171332, 0.05, 0.02, 0.03
171435, 0.05, 0.02, 0.03
171536, 0.05, 0.03, 0.02
171637, 0.05, 0.01, 0.03
171740, 0.05, 0.03, 0.01
171841, 0.06, 0.02, 0.03
171942, 0.06, 0.04, 0.02
172045, 0.05, 0.01, 0.04
172146, 0.05, 0.03, 0.02
172248, 0.06, 0.02, 0.04
172350, 0.06, 0.02, 0.04
172451, 0.06, 0.02, 0.03
172553, 0.05, 0.03, 0.02
172655, 0.05, 0.02, 0.03
172756, 0.04, 0.04, 0.00
172858, 0.06, 0.02, 0.04
172960, 0.05, 0.03, 0.01
173062, 0.06, 0.03, 0.03
173163, 0.05, 0.02, 0.03
173265, 0.04, 0.02, 0.02
173367, 0.06, 0.02, 0.04
173468, 0.05, 0.02, 0.03
173571, 0.05, 0.01, 0.03
173672, 0.06, 0.04, 0.02
173773, 0.05, 0.02, 0.03
173876, 0.05, 0.03, 0.01
173977, 0.05, 0.02, 0.03
174078, 0.05, 0.04, 0.01
174181, 0.04, 0.02, 0.02
174282, 0.06, 0.04, 0.02
174384, 0.06, 0.01, 0.05
174486, 0.05, 0.02, 0.03
174587, 0.06, 0.02, 0.03
174689, 0.05, 0.03, 0.02
174791, 0.05, 0.02, 0.02
174893, 0.06, 0.03, 0.03
174994, 0.05, 0.02, 0.02
175096, 0.05, 0.02, 0.03
175198, 0.05, 0.02, 0.03
175299, 0.05, 0.01, 0.04
175401, 0.06, 0.03, 0.02
175503, 0.06, 0.02, 0.04
175604, 0.05, 0.03, 0.02
175707, 0.05, 0.03, 0.02
175808, 0.05, 0.03, 0.02
175909, 0.06, 0.03, 0.03
176012, 0.05, 0.03, 0.02
176113, 0.05, 0.02, 0.03
176215, 0.06, 0.02, 0.04
176317, 0.05, 0.02, 0.03
176418, 0.05, 0.02, 0.03
176520, 0.05, 0.03, 0.02
176622, 0.05, 0.02, 0.03
176723, 0.05, 0.03, 0.02
176825, 0.06, 0.01, 0.04
176927, 0.05, 0.04, 0.01
177029, 0.05, 0.02, 0.03
177130, 0.05, 0.03, 0.01
177232, 0.06, 0.02, 0.04
177334, 0.05, 0.02, 0.03
177435, 0.05, 0.00, 0.04
177538, 0.05, 0.02, 0.02
177639, 0.05, 0.02, 0.03
177740, 0.05, 0.01, 0.03
177843, 0.04, 0.02, 0.02
177944, 0.06, 0.04, 0.02
178045, 0.04, 0.02, 0.02
178148, 0.06, 0.02, 0.04
178249, 0.05, 0.03, 0.02
178351, 0.05, 0.02, 0.03
178453, 0.05, 0.01, 0.04
178554, 0.05, 0.02, 0.03
178656, 0.04, 0.02, 0.02
178758, 0.05, 0.03, 0.02
178860, 0.06, 0.03, 0.03
178961, 0.05, 0.03, 0.02
179063, 0.06, 0.03, 0.02
179165, 0.05, 0.02, 0.02
179266, 0.05, 0.03, 0.02
179368, 0.06, 0.03, 0.03
179470, 0.05, 0.03, 0.02
179571, 0.05, 0.02, 0.02
179673, 0.05, 0.01, 0.04
179775, 0.06, 0.03, 0.02
179876, 0.06, 0.01, 0.04
179978, 0.05, 0.04, 0.01
180080, 0.05, 0.03, 0.02
180182, 0.05, 0.03, 0.02
180283, 0.06, 0.02, 0.04
180385, 0.05, 0.03, 0.01
180487, 0.06, 0.02, 0.03
180588, 0.04, 0.04, 0.00
180690, 0.05, 0.02, 0.02
180792, 0.04, 0.01, 0.03
180893, 0.06, 0.03, 0.03
180996, 0.06, 0.03, 0.03
181097, 0.05, 0.02, 0.02
181198, 0.05, 0.03, 0.02
181301, 0.05, 0.03, 0.02
181402, 0.06, 0.03, 0.03
181504, 0.05, 0.02, 0.03
181606, 0.05, 0.01, 0.03
181707, 0.05, 0.04, 0.01
181809, 0.06, 0.01, 0.05
181911, 0.04, 0.03, 0.01
182012, 0.06, 0.02, 0.04
182114, 0.05, 0.03, 0.01
182216, 0.06, 0.03, 0.03
182318, 0.05, 0.04, 0.01
182419, 0.05, 0.03, 0.01
182521, 0.05, 0.03, 0.02
182623, 0.04, 0.03, 0.01
182724, 0.06, 0.01, 0.04
182827, 0.05, 0.02, 0.03
182928, 0.05, 0.02, 0.02
183029, 0.06, 0.03, 0.03
183132, 0.06, 0.02, 0.03
183233, 0.05, 0.03, 0.02
183334, 0.06, 0.03, 0.02
183437, 0.05, 0.04, 0.01
183538, 0.04, 0.02, 0.02
183640, 0.05, 0.01, 0.04
183742, 0.05, 0.03, 0.02
183843, 0.05, 0.01, 0.04
183945, 0.05, 0.02, 0.03
184047, 0.06, 0.03, 0.03
184148, 0.04, 0.03, 0.01
184250, 0.04, 0.03, 0.01
184352, 0.06, 0.02, 0.04
184454, 0.05, 0.03, 0.01
184555, 0.06, 0.02, 0.04
184657, 0.05, 0.02, 0.02
184759, 0.05, 0.01, 0.03
184860, 0.05, 0.03, 0.02
184963, 0.04, 0.02, 0.02
185064, 0.05, 0.03, 0.02
185165, 0.06, 0.02, 0.03
185268, 0.06, 0.03, 0.03
185369, 0.06, 0.02, 0.04
185470, 0.05, 0.03, 0.02
185573, 0.05, 0.00, 0.05
185674, 0.06, 0.02, 0.03
185776, 0.05, 0.02, 0.03
185878, 0.05, 0.02, 0.03
185979, 0.05, 0.01, 0.04
186081, 0.05, 0.04, 0.01
186183, 0.05, 0.02, 0.03
186285, 0.05, 0.03, 0.02
186386, 0.05, 0.03, 0.02
186488, 0.05, 0.03, 0.02
186590, 0.05, 0.04, 0.01
186691, 0.05, 0.01, 0.03
186793, 0.06, 0.03, 0.03
186895, 0.05, 0.01, 0.03
186996, 0.05, 0.01, 0.03
187099, 0.06, 0.03, 0.03
187200, 0.05, 0.02, 0.03
187301, 0.05, 0.01, 0.04
187404, 0.06, 0.04, 0.02
187505, 0.06, 0.02, 0.04
187607, 0.05, 0.03, 0.02
187709, 0.06, 0.01, 0.04
187810, 0.06, 0.03, 0.02
187912, 0.05, 0.01, 0.04
188014, 0.04, 0.03, 0.01
188115, 0.05, 0.02, 0.03
188217, 0.05, 0.03, 0.02
188318, 0.05, 0.02, 0.02
188421, 0.06, 0.02, 0.03
188522, 0.05, 0.03, 0.02
188623, 0.06, 0.02, 0.03
188726, 0.05, 0.03, 0.02
188827, 0.05, 0.02, 0.03
188929, 0.05, 0.02, 0.02
189031, 0.05, 0.01, 0.03
189132, 0.05, 0.03, 0.02
189234, 0.06, 0.02, 0.04
189336, 0.04, 0.02, 0.02
189437, 0.05, 0.03, 0.01
189539, 0.05, 0.03, 0.02
189641, 0.05, 0.03, 0.02
189743, 0.05, 0.02, 0.02
189844, 0.05, 0.01, 0.03
189946, 0.05, 0.02, 0.03
190048, 0.05, 0.01, 0.04
190149, 0.05, 0.03, 0.02
190252, 0.06, 0.02, 0.04
190353, 0.05, 0.02, 0.03
190454, 0.06, 0.03, 0.03
190557, 0.05, 0.03, 0.02
190658, 0.05, 0.02, 0.03
190759, 0.05, 0.02, 0.02
190862, 0.04, 0.03, 0.01
190963, 0.04, 0.02, 0.02
191065, 0.04, 0.03, 0.01
191167, 0.05, 0.01, 0.04
191268, 0.05, 0.03, 0.02
191370, 0.05, 0.02, 0.03
191472, 0.05, 0.02, 0.02
191574, 0.05, 0.03, 0.02
191675, 0.05, 0.02, 0.03
191777, 0.05, 0.04, 0.01
191879, 0.05, 0.02, 0.03
191980, 0.05, 0.04, 0.01
192082, 0.04, 0.02, 0.02
192184, 0.06, 0.02, 0.04
192285, 0.05, 0.03, 0.02
192388, 0.06, 0.02, 0.03
192489, 0.05, 0.02, 0.02
192590, 0.05, 0.01, 0.04
192693, 0.06, 0.03, 0.02
192794, 0.06, 0.02, 0.03
192896, 0.05, 0.04, 0.01
192998, 0.05, 0.02, 0.02
193099, 0.06, 0.02, 0.04
193201, 0.05, 0.03, 0.02
193303, 0.05, 0.01, 0.03
193404, 0.04, 0.03, 0.01
193506, 0.06, 0.02, 0.03
193608, 0.05, 0.02, 0.02
193710, 0.05, 0.02, 0.02
193811, 0.06, 0.03, 0.02
193913, 0.05, 0.03, 0.02
194015, 0.05, 0.02, 0.02
194116, 0.04, 0.02, 0.02
194219, 0.05, 0.01, 0.03
194320, 0.05, 0.02, 0.02
194421, 0.05, 0.02, 0.03
194524, 0.05, 0.00, 0.05
194625, 0.05, 0.01, 0.04
194726, 0.04, 0.03, 0.01
194829, 0.04, 0.02, 0.02
194930, 0.06, 0.03, 0.02
195032, 0.06, 0.02, 0.04
195134, 0.05, 0.03, 0.02
195235, 0.05, 0.02, 0.03
195337, 0.05, 0.04, 0.01
195439, 0.05, 0.02, 0.03
195540, 0.05, 0.01, 0.03
195642, 0.05, 0.03, 0.02
195744, 0.05, 0.02, 0.03
195846, 0.06, 0.02, 0.03
195947, 0.05, 0.02, 0.02
196049, 0.05, 0.03, 0.01
196151, 0.05, 0.02, 0.03
196252, 0.06, 0.03, 0.03
196355, 0.04, 0.01, 0.03
196456, 0.06, 0.01, 0.04
196557, 0.06, 0.02, 0.03
196660, 0.04, 0.02, 0.02
196761, 0.05, 0.03, 0.02
196862, 0.05, 0.02, 0.02
196965, 0.05, 0.03, 0.01
197066, 0.05, 0.01, 0.03
197168, 0.05, 0.03, 0.02
197270, 0.05, 0.02, 0.03
197371, 0.04, 0.02, 0.02
197473, 0.05, 0.01, 0.03
197575, 0.05, 0.03, 0.02
197677, 0.05, 0.02, 0.03
197778, 0.05, 0.03, 0.02
197880, 0.06, 0.04, 0.02
197982, 0.04, 0.02, 0.02
198083, 0.06, 0.03, 0.02
198185, 0.05, 0.02, 0.03
198287, 0.04, 0.01, 0.03
198388, 0.06, 0.02, 0.04
198491, 0.05, 0.01, 0.03
198592, 0.05, 0.02, 0.03
198693, 0.06, 0.02, 0.04
198796, 0.05, 0.03, 0.02
198897, 0.05, 0.02, 0.03
198999, 0.06, 0.02, 0.04
199100, 0.05, 0.03, 0.02
199202, 0.05, 0.02, 0.02
199304, 0.06, 0.01, 0.04
199405, 0.05, 0.02, 0.03
199507, 0.05, 0.03, 0.02
199609, 0.05, 0.02, 0.02
199710, 0.06, 0.02, 0.04
199813, 0.05, 0.01, 0.04
199914, 0.05, 0.03, 0.02
200015, 0.05, 0.02, 0.03
200118, 0.05, 0.01, 0.04
200219, 0.05, 0.02, 0.03
200321, 0.06, 0.02, 0.04
200423, 0.04, 0.04, 0.00
200524, 0.05, 0.03, 0.02
200626, 0.05, 0.02, 0.03
200728, 0.06, 0.03, 0.03
200829, 0.05, 0.02, 0.03
200931, 0.05, 0.02, 0.02
201033, 0.06, 0.02, 0.03
201135, 0.06, 0.04, 0.02
201236, 0.05, 0.02, 0.03
201338, 0.05, 0.03, 0.02
201440, 0.06, 0.02, 0.03
201541, 0.05, 0.03, 0.02
201644, 0.04, 0.02, 0.02
201745, 0.04, 0.02, 0.02
201846, 0.05, 0.01, 0.04
201949, 0.05, 0.03, 0.02
202050, 0.05, 0.04, 0.01
202151, 0.04, 0.02, 0.02
202254, 0.05, 0.03, 0.01
202355, 0.06, 0.02, 0.03
202457, 0.04, 0.03, 0.01
202559, 0.05, 0.03, 0.02
202660, 0.04, 0.02, 0.02
202762, 0.05, 0.01, 0.04
202864, 0.06, 0.02, 0.03
202966, 0.06, 0.03, 0.03
203067, 0.06, 0.02, 0.03
203169, 0.04, 0.04, 0.00
203271, 0.05, 0.04, 0.01
203372, 0.04, 0.02, 0.02
203474, 0.05, 0.02, 0.02
203576, 0.05, 0.02, 0.03
203677, 0.05, 0.02, 0.03
203780, 0.05, 0.02, 0.03
203881, 0.05, 0.01, 0.04
203982, 0.05, 0.02, 0.02
204085, 0.06, 0.03, 0.03
204186, 0.05, 0.03, 0.02
204288, 0.05, 0.03, 0.02
204390, 0.05, 0.04, 0.01
204491, 0.05, 0.01, 0.04
204593, 0.05, 0.03, 0.02
204695, 0.06, 0.01, 0.04
204796, 0.06, 0.02, 0.04
204898, 0.04, 0.03, 0.01
205000, 0.05, 0.02, 0.03
205102, 0.05, 0.03, 0.01
205203, 0.06, 0.03, 0.03
205305, 0.05, 0.04, 0.01
205407, 0.05, 0.03, 0.01
205508, 0.05, 0.03, 0.02
205611, 0.05, 0.03, 0.02
205712, 0.05, 0.02, 0.03
205813, 0.05, 0.01, 0.03
205916, 0.05, 0.01, 0.03
206017, 0.06, 0.04, 0.02
206118, 0.04, 0.03, 0.01
206221, 0.05, 0.02, 0.03
206322, 0.05, 0.02, 0.02
206424, 0.06, 0.02, 0.04
206526, 0.04, 0.02, 0.02
206627, 0.05, 0.01, 0.03
206729, 0.06, 0.01, 0.04
206831, 0.04, 0.02, 0.02
206932, 0.06, 0.02, 0.03
207034, 0.05, 0.03, 0.02
207136, 0.05, 0.01, 0.04
207238, 0.05, 0.03, 0.02
207339, 0.05, 0.01, 0.04
207441, 0.05, 0.03, 0.02
207543, 0.06, 0.02, 0.04
207644, 0.05, 0.02, 0.03
207747, 0.05, 0.03, 0.02
207848, 0.06, 0.03, 0.03
207949, 0.05, 0.02, 0.03
208052, 0.05, 0.02, 0.03
208153, 0.05, 0.03, 0.02
208254, 0.06, 0.02, 0.04
208356, 0.06, 0.03, 0.03
208458, 0.06, 0.02, 0.03
208560, 0.06, 0.02, 0.04
208661, 0.05, 0.03, 0.02
208763, 0.05, 0.01, 0.04
208865, 0.06, 0.03, 0.03
208966, 0.06, 0.01, 0.05
209069, 0.05, 0.03, 0.01
209170, 0.07, 0.03, 0.04
209271, 0.05, 0.04, 0.01
209374, 0.04, 0.03, 0.01
209475, 0.05, 0.01, 0.03
209576, 0.06, 0.03, 0.03
209679, 0.05, 0.03, 0.02
209780, 0.05, 0.02, 0.03
209882, 0.04, 0.01, 0.03
209984, 0.05, 0.03, 0.02
210085, 0.05, 0.03, 0.02
210187, 0.05, 0.02, 0.02
210289, 0.04, 0.02, 0.02
210391, 0.05, 0.03, 0.01
210492, 0.06, 0.03, 0.03
210594, 0.05, 0.03, 0.02
210696, 0.05, 0.02, 0.03
210797, 0.04, 0.03, 0.01
210899, 0.06, 0.02, 0.03
211001, 0.06, 0.02, 0.03
211102, 0.06, 0.02, 0.03
211205, 0.04, 0.04, 0.00
211306, 0.05, 0.03, 0.02
211407, 0.05, 0.03, 0.01
211510, 0.05, 0.03, 0.02
211611, 0.05, 0.03, 0.02
211713, 0.04, 0.01, 0.03
211815, 0.06, 0.03, 0.02
211916, 0.05, 0.02, 0.03
212018, 0.05, 0.02, 0.03
212120, 0.05, 0.02, 0.03
212221, 0.05, 0.03, 0.02
212323, 0.05, 0.04, 0.01
212425, 0.04, 0.01, 0.03
212527, 0.04, 0.03, 0.01
212628, 0.05, 0.03, 0.02
212730, 0.05, 0.03, 0.02
212832, 0.04, 0.01, 0.03
212933, 0.05, 0.02, 0.03
213036, 0.05, 0.02, 0.03
213137, 0.05, 0.02, 0.03
213238, 0.05, 0.02, 0.02
213341, 0.05, 0.02, 0.03
213442, 0.05, 0.04, 0.01
213543, 0.06, 0.02, 0.04
213646, 0.05, 0.02, 0.02
213747, 0.06, 0.03, 0.02
213849, 0.05, 0.02, 0.03
213951, 0.04, 0.01, 0.03
214052, 0.06, 0.02, 0.03
214154, 0.06, 0.01, 0.04
214256, 0.05, 0.02, 0.03
214358, 0.06, 0.03, 0.03
214459, 0.06, 0.04, 0.02
214560, 0.05, 0.02, 0.03
214663, 0.04, 0.03, 0.01
214764, 0.05, 0.02, 0.02
214865, 0.05, 0.02, 0.03
214968, 0.04, 0.02, 0.02
215069, 0.04, 0.02, 0.02
215171, 0.05, 0.03, 0.02
215273, 0.06, 0.03, 0.03
215374, 0.05, 0.02, 0.03
215476, 0.06, 0.01, 0.05
215578, 0.06, 0.03, 0.02
215680, 0.05, 0.03, 0.02
215781, 0.05, 0.04, 0.01
215883, 0.05, 0.02, 0.03
215985, 0.06, 0.03, 0.02
216086, 0.05, 0.02, 0.03
216188, 0.06, 0.02, 0.03
216290, 0.06, 0.02, 0.03
216391, 0.05, 0.02, 0.02
216494, 0.05, 0.04, 0.01
216595, 0.05, 0.02, 0.03
216696, 0.05, 0.04, 0.01
216799, 0.05, 0.03, 0.02
216900, 0.05, 0.03, 0.02
217001, 0.05, 0.02, 0.03
217104, 0.06, 0.01, 0.05
217205, 0.05, 0.01, 0.04
217307, 0.05, 0.02, 0.02
217409, 0.06, 0.02, 0.03
217510, 0.05, 0.02, 0.03
217612, 0.05, 0.02, 0.03
217714, 0.06, 0.02, 0.03
217816, 0.05, 0.03, 0.01
217917, 0.06, 0.02, 0.03
218019, 0.05, 0.02, 0.02
218121, 0.06, 0.01, 0.05
218222, 0.05, 0.03, 0.02
218324, 0.06, 0.02, 0.04
218426, 0.06, 0.02, 0.04
218527, 0.05, 0.02, 0.02
218630, 0.06, 0.02, 0.04
218731, 0.06, 0.03, 0.02
218832, 0.06, 0.04, 0.02
218935, 0.05, 0.03, 0.02
219036, 0.05, 0.02, 0.03
219138, 0.06, 0.02, 0.03
219240, 0.04, 0.02, 0.02
219341, 0.05, 0.01, 0.04
219443, 0.06, 0.03, 0.03
219545, 0.06, 0.03, 0.02
219646, 0.04, 0.03, 0.01
219748, 0.05, 0.01, 0.04
219850, 0.06, 0.03, 0.03
219952, 0.05, 0.03, 0.01
220053, 0.05, 0.01, 0.04
220155, 0.05, 0.03, 0.02
220257, 0.06, 0.02, 0.03
220358, 0.05, 0.02, 0.02
220461, 0.04, 0.01, 0.03
220562, 0.05, 0.03, 0.01
220663, 0.06, 0.03, 0.02
220766, 0.05, 0.02, 0.03
220867, 0.05, 0.02, 0.03
220968, 0.05, 0.03, 0.02
221071, 0.05, 0.03, 0.01
221172, 0.05, 0.01, 0.03
221274, 0.05, 0.03, 0.02
221376, 0.06, 0.02, 0.04
221477, 0.06, 0.03, 0.03
221579, 0.05, 0.01, 0.03
221681, 0.05, 0.03, 0.02
221783, 0.06, 0.03, 0.02
221884, 0.05, 0.03, 0.02
221986, 0.06, 0.02, 0.03
222088, 0.06, 0.03, 0.02
222189, 0.06, 0.04, 0.02
222291, 0.05, 0.02, 0.03
222393, 0.06, 0.03, 0.03
222494, 0.06, 0.02, 0.03
222597, 0.05, 0.03, 0.02
222698, 0.05, 0.04, 0.01
222799, 0.05, 0.02, 0.03
222902, 0.05, 0.05, 0.00
223003, 0.04, 0.03, 0.01
223105, 0.06, 0.01, 0.04
223206, 0.05, 0.02, 0.03
223308, 0.05, 0.02, 0.03
223410, 0.06, 0.03, 0.03
223511, 0.05, 0.02, 0.02
223613, 0.05, 0.02, 0.03
223715, 0.06, 0.03, 0.03
223816, 0.05, 0.01, 0.04
223919, 0.06, 0.03, 0.02
224020, 0.05, 0.03, 0.02
224121, 0.04, 0.02, 0.02
224224, 0.05, 0.02, 0.03
224325, 0.06, 0.03, 0.03
224427, 0.04, 0.02, 0.02
224529, 0.05, 0.00, 0.05
224630, 0.05, 0.03, 0.02
224732, 0.05, 0.02, 0.02
224834, 0.05, 0.03, 0.02
224935, 0.05, 0.03, 0.02
225037, 0.04, 0.04, 0.00
225139, 0.04, 0.04, 0.00
225241, 0.05, 0.03, 0.02
225342, 0.05, 0.01, 0.04
225444, 0.05, 0.02, 0.02
225546, 0.05, 0.02, 0.02
225647, 0.06, 0.02, 0.04
225750, 0.05, 0.02, 0.02
225851, 0.05, 0.01, 0.03
225952, 0.05, 0.03, 0.02
226055, 0.06, 0.02, 0.03
226156, 0.05, 0.03, 0.02
226257, 0.06, 0.03, 0.03
226360, 0.06, 0.02, 0.04
226461, 0.05, 0.03, 0.02
226563, 0.04, 0.01, 0.03
226665, 0.05, 0.03, 0.02
226766, 0.05, 0.02, 0.03
226868, 0.05, 0.02, 0.03
226970, 0.04, 0.02, 0.02
227072, 0.06, 0.03, 0.03
227173, 0.05, 0.04, 0.01
227275, 0.05, 0.03, 0.01
227377, 0.06, 0.03, 0.03
227478, 0.06, 0.02, 0.03
227580, 0.04, 0.02, 0.02
227682, 0.05, 0.00, 0.05
227783, 0.06, 0.02, 0.04
227886, 0.06, 0.03, 0.03
227987, 0.05, 0.02, 0.03
228088, 0.05, 0.03, 0.02
228191, 0.05, 0.03, 0.01
228292, 0.06, 0.03, 0.03
228393, 0.05, 0.04, 0.01
228496, 0.05, 0.01, 0.04
228597, 0.06, 0.01, 0.05
228699, 0.05, 0.03, 0.02
228801, 0.06, 0.02, 0.03
228902, 0.05, 0.03, 0.01
229004, 0.05, 0.03, 0.02
229106, 0.06, 0.03, 0.03
229208, 0.05, 0.02, 0.03
229309, 0.05, 0.03, 0.02
229411, 0.05, 0.03, 0.02
229513, 0.05, 0.01, 0.04
229614, 0.05, 0.03, 0.02
229716, 0.05, 0.01, 0.04
229818, 0.06, 0.03, 0.03
229919, 0.05, 0.01, 0.04
230022, 0.05, 0.03, 0.02
230123, 0.06, 0.02, 0.03
230224, 0.05, 0.03, 0.02
230327, 0.05, 0.03, 0.02
230428, 0.06, 0.02, 0.04
230530, 0.05, 0.03, 0.02
230632, 0.05, 0.02, 0.03
230733, 0.05, 0.02, 0.02
230835, 0.05, 0.02, 0.03
230937, 0.05, 0.02, 0.02
231038, 0.05, 0.02, 0.03
231140, 0.06, 0.02, 0.04
231241, 0.06, 0.03, 0.02
231344, 0.05, 0.03, 0.02
231445, 0.05, 0.03, 0.02
231546, 0.06, 0.04, 0.02
231649, 0.05, 0.02, 0.03
231750, 0.05, 0.02, 0.03
231852, 0.05, 0.02, 0.03
231954, 0.05, 0.02, 0.03
232055, 0.06, 0.02, 0.03
232157, 0.06, 0.03, 0.03
232259, 0.06, 0.03, 0.03
232360, 0.05, 0.03, 0.01
232462, 0.06, 0.02, 0.04
232564, 0.05, 0.02, 0.03
232666, 0.06, 0.01, 0.04
232767, 0.05, 0.02, 0.02
232869, 0.04, 0.00, 0.04
232971, 0.05, 0.01, 0.04
233072, 0.05, 0.03, 0.02
233175, 0.06, 0.02, 0.03
233276, 0.05, 0.04, 0.01
233377, 0.05, 0.03, 0.02
233480, 0.06, 0.03, 0.02
233581, 0.05, 0.03, 0.02
233682, 0.04, 0.02, 0.02
233785, 0.05, 0.02, 0.02
233886, 0.06, 0.02, 0.03
233988, 0.05, 0.03, 0.02
234090, 0.06, 0.03, 0.02
234191, 0.06, 0.02, 0.03
234293, 0.05, 0.02, 0.03
234395, 0.06, 0.03, 0.03
234497, 0.05, 0.04, 0.01
234598, 0.05, 0.02, 0.03
234700, 0.05, 0.03, 0.01
234802, 0.06, 0.03, 0.03
234903, 0.05, 0.03, 0.02
235005, 0.06, 0.01, 0.04
235107, 0.06, 0.03, 0.03
235208, 0.05, 0.02, 0.03
235311, 0.06, 0.02, 0.04
235412, 0.06, 0.03, 0.02
235513, 0.05, 0.03, 0.02
235616, 0.05, 0.03, 0.02
235717, 0.05, 0.03, 0.02
235819, 0.05, 0.03, 0.02
235921, 0.06, 0.01, 0.04
236022, 0.06, 0.02, 0.04
236124, 0.04, 0.01, 0.03
236226, 0.06, 0.03, 0.03
236327, 0.05, 0.02, 0.03
236429, 0.05, 0.03, 0.02
236531, 0.06, 0.03, 0.03
236633, 0.05, 0.02, 0.03
236734, 0.06, 0.02, 0.03
236836, 0.05, 0.02, 0.03
236938, 0.05, 0.02, 0.03
237039, 0.05, 0.02, 0.03
237142, 0.06, 0.02, 0.03
237243, 0.05, 0.03, 0.02
237344, 0.05, 0.03, 0.02
237447, 0.05, 0.03, 0.02
237548, 0.06, 0.04, 0.02
237649, 0.06, 0.03, 0.03
237752, 0.05, 0.03, 0.02
237853, 0.06, 0.03, 0.03
237955, 0.05, 0.04, 0.00
238057, 0.05, 0.03, 0.02
238158, 0.06, 0.03, 0.02
238260, 0.07, 0.02, 0.05
238362, 0.06, 0.04, 0.01
238464, 0.07, 0.05, 0.02
238565, 0.07, 0.04, 0.03
238667, 0.06, 0.04, 0.01
238769, 0.06, 0.04, 0.02
238870, 0.07, 0.03, 0.04
238972, 0.06, 0.04, 0.02
239074, 0.07, 0.03, 0.03
239175, 0.06, 0.03, 0.03
239278, 0.13, 0.14, -0.01
239379, 0.15, 0.14, 0.01
239480, 0.15, 0.14, 0.01
239583, 0.15, 0.15, -0.00
239684, 0.14, 0.15, -0.00
239785, 0.14, 0.15, -0.01
239888, 0.15, 0.14, 0.01
