0, 0.16, 0.14, 0.02
101, 0.14, 0.15, -0.01
202, 0.13, 0.16, -0.03
304, 0.15, 0.13, 0.01
406, 0.14, 0.16, -0.02
507, 0.14, 0.16, -0.02
609, 0.14, 0.16, -0.02
710, 0.15, 0.12, 0.03
812, 0.14, 0.14, 0.00
914, 0.16, 0.13, 0.02
1015, 0.15, 0.14, 0.00
1117, 0.15, 0.17, -0.02
1218, 0.15, 0.15, 0.00
1320, 0.15, 0.14, 0.00
1422, 0.15, 0.15, 0.00
1523, 0.15, 0.14, 0.01
1625, 0.15, 0.13, 0.02
1727, 0.15, 0.14, 0.00
1828, 0.03, 0.00, 0.03
1930, 0.04, 0.00, 0.04
2031, 0.04, 0.01, 0.03
2132, 0.05, 0.00, 0.05
2235, 0.03, 0.00, 0.03
2336, 0.05, 0.02, 0.03
2438, 0.05, 0.03, 0.01
2539, 0.04, 0.02, 0.01
2641, 0.05, 0.00, 0.05
2743, 0.05, 0.02, 0.03
2844, 0.07, 0.02, 0.05
2946, 0.04, 0.04, 0.00
3048, 0.05, 0.02, 0.03
3149, 0.05, 0.02, 0.03
3251, 0.05, 0.02, 0.02
3352, 0.03, 0.02, 0.00
3453, 0.04, 0.00, 0.03
3556, 0.05, 0.02, 0.03
3657, 0.06, 0.04, 0.02
3759, 0.03, 0.03, 0.00
3860, 0.04, 0.00, 0.04
3962, 0.06, 0.02, 0.04
4064, 0.06, 0.00, 0.06
4165, 0.05, 0.03, 0.02
4267, 0.05, 0.02, 0.03
4369, 0.03, 0.01, 0.02
4470, 0.05, 0.02, 0.02
4572, 0.05, 0.04, 0.01
4673, 0.04, 0.02, 0.02
4774, 0.04, 0.02, 0.02
4877, 0.05, 0.02, 0.03
4978, 0.05, 0.02, 0.03
5080, 0.04, 0.02, 0.02
5181, 0.04, 0.02, 0.02
5283, 0.06, 0.02, 0.04
5385, 0.06, 0.02, 0.03
5486, 0.05, 0.03, 0.02
5587, 0.05, 0.03, 0.02
5690, 0.05, 0.02, 0.03
5791, 0.06, 0.02, 0.04
5893, 0.05, 0.03, 0.02
5994, 0.04, 0.03, 0.01
6095, 0.06, 0.02, 0.04
6198, 0.05, 0.02, 0.03
6299, 0.05, 0.03, 0.01
6401, 0.06, 0.01, 0.05
6502, 0.06, 0.02, 0.03
6604, 0.04, 0.03, 0.01
6706, 0.05, 0.03, 0.02
6807, 0.05, 0.03, 0.02
6908, 0.05, 0.03, 0.01
7011, 0.05, 0.03, 0.01
7112, 0.05, 0.03, 0.02
7214, 0.05, 0.02, 0.03
7315, 0.05, 0.03, 0.02
7416, 0.06, 0.02, 0.04
7519, 0.05, 0.03, 0.02
7620, 0.04, 0.02, 0.02
7721, 0.04, 0.03, 0.01
7823, 0.05, 0.04, 0.01
7925, 0.05, 0.03, 0.02
8027, 0.05, 0.04, 0.01
8128, 0.04, 0.03, 0.01
8229, 0.05, 0.02, 0.02
8332, 0.05, 0.02, 0.02
8433, 0.05, 0.01, 0.04
8535, 0.05, 0.03, 0.02
8636, 0.05, 0.03, 0.02
8738, 0.05, 0.02, 0.03
8840, 0.05, 0.03, 0.02
8941, 0.05, 0.02, 0.03
9042, 0.05, 0.03, 0.02
9144, 0.05, 0.02, 0.02
9246, 0.05, 0.02, 0.03
9348, 0.05, 0.02, 0.03
9449, 0.04, 0.03, 0.01
9550, 0.06, 0.01, 0.04
9653, 0.06, 0.03, 0.03
9754, 0.06, 0.04, 0.02
9856, 0.06, 0.03, 0.03
9957, 0.05, 0.03, 0.01
10059, 0.06, 0.05, 0.00
10161, 0.05, 0.02, 0.03
10262, 0.05, 0.02, 0.03
10363, 0.06, 0.03, 0.03
10466, 0.05, 0.01, 0.03
10567, 0.05, 0.02, 0.03
10669, 0.04, 0.02, 0.02
10771, 0.05, 0.03, 0.02
10872, 0.05, 0.02, 0.02
10974, 0.05, 0.03, 0.02
11075, 0.05, 0.02, 0.02
11177, 0.05, 0.03, 0.02
11279, 0.05, 0.03, 0.02
11380, 0.06, 0.02, 0.03
11482, 0.05, 0.02, 0.03
11584, 0.05, 0.02, 0.03
11685, 0.05, 0.01, 0.03
11787, 0.04, 0.06, -0.02
11889, 0.05, 0.04, 0.01
11991, 0.05, 0.02, 0.03
12092, 0.05, 0.04, 0.01
12193, 0.05, 0.05, 0.00
12296, 0.05, 0.04, 0.01
12397, 0.05, 0.01, 0.03
12498, 0.06, 0.04, 0.02
12601, 0.04, 0.02, 0.02
12702, 0.04, 0.01, 0.03
12804, 0.06, 0.03, 0.03
12905, 0.05, 0.02, 0.03
13007, 0.05, 0.03, 0.02
13109, 0.05, 0.03, 0.02
13210, 0.05, 0.03, 0.02
13313, 0.04, 0.02, 0.02
13414, 0.04, 0.03, 0.01
13515, 0.05, 0.03, 0.02
13617, 0.04, 0.03, 0.01
13719, 0.05, 0.03, 0.02
13820, 0.05, 0.03, 0.02
13922, 0.06, 0.03, 0.03
14024, 0.05, 0.04, 0.01
14126, 0.04, 0.03, 0.01
14227, 0.05, 0.03, 0.02
14328, 0.05, 0.03, 0.02
14431, 0.06, 0.03, 0.02
14532, 0.06, 0.01, 0.04
14633, 0.04, 0.02, 0.02
14735, 0.05, 0.02, 0.03
14837, 0.05, 0.02, 0.02
14939, 0.05, 0.03, 0.02
15040, 0.06, 0.03, 0.02
15142, 0.05, 0.03, 0.02
15244, 0.05, 0.04, 0.01
15345, 0.05, 0.03, 0.02
15447, 0.05, 0.02, 0.03
15549, 0.04, 0.01, 0.03
15650, 0.05, 0.02, 0.02
15752, 0.04, 0.02, 0.02
15854, 0.06, 0.03, 0.03
15955, 0.05, 0.02, 0.03
16057, 0.05, 0.04, 0.01
16158, 0.05, 0.03, 0.02
16261, 0.06, 0.03, 0.03
16362, 0.05, 0.04, 0.01
16463, 0.05, 0.02, 0.02
16566, 0.05, 0.02, 0.02
16667, 0.05, 0.02, 0.03
16769, 0.05, 0.03, 0.02
16870, 0.06, 0.01, 0.04
16972, 0.05, 0.02, 0.03
17074, 0.06, 0.03, 0.03
17175, 0.04, 0.03, 0.01
17277, 0.05, 0.04, 0.01
17379, 0.05, 0.03, 0.02
17480, 0.05, 0.03, 0.02
17582, 0.04, 0.03, 0.01
17684, 0.05, 0.03, 0.02
17785, 0.04, 0.03, 0.01
17887, 0.05, 0.03, 0.02
17989, 0.05, 0.02, 0.03
18091, 0.05, 0.02, 0.02
18192, 0.05, 0.03, 0.02
18293, 0.05, 0.02, 0.03
18396, 0.05, 0.03, 0.02
18497, 0.04, 0.04, 0.00
18598, 0.04, 0.02, 0.02
18700, 0.05, 0.03, 0.02
18802, 0.05, 0.02, 0.03
18904, 0.06, 0.04, 0.02
19005, 0.05, 0.04, 0.00
19107, 0.08, 0.03, 0.05
19209, 0.06, 0.02, 0.03
19310, 0.05, 0.03, 0.02
19411, 0.04, 0.02, 0.02
19514, 0.05, 0.03, 0.02
19615, 0.06, 0.03, 0.02
19717, 0.05, 0.03, 0.02
19819, 0.04, 0.04, 0.00
19920, 0.06, 0.03, 0.03
20022, 0.05, 0.02, 0.03
20123, 0.05, 0.02, 0.03
20226, 0.05, 0.01, 0.04
20327, 0.06, 0.02, 0.04
20428, 0.05, 0.03, 0.01
20531, 0.06, 0.03, 0.03
20632, 0.05, 0.02, 0.02
20733, 0.05, 0.04, 0.01
20835, 0.05, 0.04, 0.01
20937, 0.05, 0.03, 0.02
21039, 0.05, 0.02, 0.03
21140, 0.04, 0.03, 0.01
21241, 0.06, 0.02, 0.03
21344, 0.05, 0.04, 0.01
21445, 0.05, 0.03, 0.02
21547, 0.05, 0.02, 0.02
21649, 0.04, 0.03, 0.01
21750, 0.05, 0.03, 0.02
21852, 0.04, 0.02, 0.02
21953, 0.05, 0.03, 0.02
22055, 0.05, 0.02, 0.03
22157, 0.05, 0.04, 0.01
22258, 0.06, 0.02, 0.04
22361, 0.05, 0.01, 0.03
22462, 0.03, 0.04, -0.00
22563, 0.06, 0.03, 0.03
22665, 0.05, 0.03, 0.01
22767, 0.05, 0.03, 0.02
22868, 0.04, 0.04, 0.00
22970, 0.06, 0.02, 0.03
23072, 0.06, 0.02, 0.03
23174, 0.05, 0.00, 0.05
23275, 0.05, 0.02, 0.03
23376, 0.05, 0.02, 0.03
23479, 0.06, 0.03, 0.03
23580, 0.05, 0.04, 0.01
23682, 0.06, 0.02, 0.04
23783, 0.05, 0.02, 0.03
23885, 0.06, 0.03, 0.02
23987, 0.05, 0.03, 0.02
24088, 0.05, 0.03, 0.01
24190, 0.06, 0.02, 0.03
24292, 0.06, 0.02, 0.03
24393, 0.05, 0.01, 0.04
24495, 0.05, 0.02, 0.03
24597, 0.05, 0.03, 0.02
24698, 0.04, 0.01, 0.03
24800, 0.05, 0.04, 0.01
24902, 0.06, 0.03, 0.02
25004, 0.06, 0.03, 0.03
25105, 0.05, 0.01, 0.03
25206, 0.05, 0.02, 0.03
25309, 0.05, 0.01, 0.04
25410, 0.06, 0.03, 0.03
25511, 0.04, 0.02, 0.02
25614, 0.05, 0.04, 0.01
25715, 0.05, 0.02, 0.03
25817, 0.06, 0.03, 0.02
25918, 0.05, 0.02, 0.03
26020, 0.05, 0.03, 0.02
26122, 0.04, 0.04, 0.00
26223, 0.05, 0.02, 0.03
26326, 0.06, 0.03, 0.02
26427, 0.05, 0.01, 0.03
26528, 0.05, 0.02, 0.02
26630, 0.05, 0.02, 0.02
26732, 0.06, 0.03, 0.03
26833, 0.06, 0.04, 0.02
26935, 0.06, 0.02, 0.03
27037, 0.05, 0.03, 0.02
27139, 0.06, 0.04, 0.02
27240, 0.05, 0.02, 0.03
27341, 0.05, 0.03, 0.02
27444, 0.06, 0.03, 0.03
27545, 0.05, 0.03, 0.02
27646, 0.06, 0.01, 0.05
27748, 0.06, 0.01, 0.05
27850, 0.05, 0.03, 0.02
27952, 0.05, 0.03, 0.02
28053, 0.05, 0.04, 0.01
28155, 0.06, 0.01, 0.04
28257, 0.05, 0.04, 0.01
28358, 0.05, 0.04, 0.01
28460, 0.05, 0.03, 0.02
28562, 0.05, 0.03, 0.01
28663, 0.05, 0.03, 0.01
28765, 0.05, 0.02, 0.03
28867, 0.05, 0.01, 0.04
28968, 0.05, 0.03, 0.02
29070, 0.05, 0.04, 0.01
29171, 0.05, 0.04, 0.01
29274, 0.05, 0.01, 0.04
29375, 0.05, 0.03, 0.02
29476, 0.05, 0.02, 0.03
29579, 0.06, 0.04, 0.02
29680, 0.05, 0.02, 0.02
29782, 0.05, 0.01, 0.04
29883, 0.04, 0.03, 0.01
29985, 0.04, 0.03, 0.01
30087, 0.05, 0.03, 0.01
30188, 0.05, 0.04, 0.01
30290, 0.06, 0.04, 0.02
30392, 0.06, 0.03, 0.03
30493, 0.05, 0.02, 0.02
30595, 0.05, 0.02, 0.02
30697, 0.06, 0.03, 0.03
30798, 0.05, 0.04, 0.01
30900, 0.06, 0.01, 0.04
31001, 0.06, 0.00, 0.06
31104, 0.06, 0.02, 0.04
31205, 0.05, 0.03, 0.02
31306, 0.05, 0.04, 0.01
31409, 0.06, 0.02, 0.03
31510, 0.05, 0.00, 0.05
31611, 0.06, 0.03, 0.02
31713, 0.05, 0.03, 0.02
31815, 0.05, 0.02, 0.03
31917, 0.04, 0.02, 0.02
32018, 0.05, 0.00, 0.05
32120, 0.05, 0.03, 0.02
32222, 0.05, 0.03, 0.01
32323, 0.05, 0.02, 0.03
32424, 0.06, 0.02, 0.03
32527, 0.05, 0.03, 0.02
32628, 0.05, 0.04, 0.01
32730, 0.06, 0.03, 0.03
32832, 0.05, 0.02, 0.03
32933, 0.05, 0.01, 0.04
33035, 0.05, 0.03, 0.01
33136, 0.05, 0.02, 0.02
33239, 0.06, 0.02, 0.03
33340, 0.05, 0.03, 0.02
33441, 0.06, 0.03, 0.02
33543, 0.06, 0.05, 0.01
33645, 0.05, 0.04, 0.01
33746, 0.05, 0.01, 0.04
33848, 0.05, 0.03, 0.02
33950, 0.04, 0.03, 0.01
34052, 0.05, 0.02, 0.02
34153, 0.06, 0.01, 0.04
34254, 0.06, 0.02, 0.03
34357, 0.05, 0.02, 0.03
34458, 0.06, 0.03, 0.03
34560, 0.05, 0.02, 0.03
34662, 0.06, 0.03, 0.03
34763, 0.05, 0.02, 0.02
34865, 0.05, 0.03, 0.02
34966, 0.05, 0.02, 0.02
35068, 0.05, 0.02, 0.02
35170, 0.05, 0.03, 0.02
35271, 0.06, 0.02, 0.04
35374, 0.06, 0.03, 0.03
35475, 0.05, 0.03, 0.01
35576, 0.04, 0.02, 0.02
35678, 0.05, 0.03, 0.02
35780, 0.06, 0.04, 0.02
35881, 0.05, 0.03, 0.02
35983, 0.05, 0.02, 0.02
36084, 0.05, 0.02, 0.03
36187, 0.05, 0.01, 0.04
36288, 0.05, 0.02, 0.02
36389, 0.05, 0.03, 0.02
36492, 0.05, 0.06, -0.01
36593, 0.05, 0.03, 0.02
36695, 0.06, 0.02, 0.03
36796, 0.05, 0.03, 0.01
36898, 0.06, 0.03, 0.03
37000, 0.05, 0.03, 0.02
37101, 0.06, 0.03, 0.03
37203, 0.05, 0.01, 0.04
37305, 0.05, 0.02, 0.03
37406, 0.05, 0.07, -0.01
37508, 0.06, 0.02, 0.04
37610, 0.06, 0.02, 0.03
37711, 0.06, 0.03, 0.03
37813, 0.07, 0.04, 0.03
37915, 0.05, 0.02, 0.03
38017, 0.05, 0.04, 0.01
38118, 0.06, 0.02, 0.04
38219, 0.04, 0.02, 0.02
38322, 0.05, 0.02, 0.03
38423, 0.05, 0.03, 0.02
38524, 0.05, 0.03, 0.02
38627, 0.06, 0.04, 0.02
38728, 0.06, 0.03, 0.03
38830, 0.05, 0.04, 0.01
38931, 0.05, 0.03, 0.01
39033, 0.06, 0.04, 0.02
39135, 0.05, 0.03, 0.02
39236, 0.05, 0.02, 0.03
39339, 0.06, 0.03, 0.03
39440, 0.05, 0.03, 0.02
39541, 0.05, 0.02, 0.03
39643, 0.05, 0.02, 0.03
39745, 0.05, 0.01, 0.04
39846, 0.05, 0.03, 0.02
39948, 0.05, 0.03, 0.02
40050, 0.05, 0.04, 0.01
40152, 0.06, 0.03, 0.03
40253, 0.05, 0.03, 0.02
40354, 0.06, 0.02, 0.04
40457, 0.05, 0.01, 0.04
40558, 0.05, 0.03, 0.02
40659, 0.06, 0.01, 0.04
40762, 0.05, 0.02, 0.03
40863, 0.05, 0.03, 0.02
40965, 0.05, 0.04, 0.01
41066, 0.06, 0.03, 0.03
41168, 0.06, 0.02, 0.04
41270, 0.07, 0.03, 0.04
41371, 0.05, 0.03, 0.02
41473, 0.05, 0.03, 0.01
41575, 0.06, 0.02, 0.03
41676, 0.06, 0.02, 0.03
41778, 0.05, 0.03, 0.02
41880, 0.05, 0.04, 0.01
41981, 0.05, 0.01, 0.04
42083, 0.05, 0.04, 0.01
42184, 0.05, 0.04, 0.00
42287, 0.05, 0.04, 0.01
42388, 0.05, 0.02, 0.03
42489, 0.06, 0.03, 0.03
42592, 0.05, 0.02, 0.03
42693, 0.05, 0.02, 0.03
42795, 0.06, 0.02, 0.04
42896, 0.05, 0.03, 0.02
42998, 0.05, 0.03, 0.02
43100, 0.06, 0.03, 0.03
43201, 0.05, 0.01, 0.04
43303, 0.05, 0.03, 0.02
43405, 0.06, 0.03, 0.03
43506, 0.04, 0.03, 0.01
43608, 0.05, 0.01, 0.04
43710, 0.06, 0.01, 0.04
43811, 0.05, 0.02, 0.03
43913, 0.05, 0.02, 0.03
44015, 0.06, 0.02, 0.04
44116, 0.06, 0.04, 0.02
44218, 0.06, 0.03, 0.03
44319, 0.06, 0.02, 0.04
44422, 0.06, 0.03, 0.02
44523, 0.06, 0.03, 0.03
44624, 0.05, 0.04, 0.00
44727, 0.05, 0.02, 0.03
44828, 0.05, 0.02, 0.03
44930, 0.06, 0.02, 0.04
45031, 0.05, 0.03, 0.02
45133, 0.05, 0.03, 0.02
45235, 0.06, 0.03, 0.02
45336, 0.05, 0.03, 0.02
45437, 0.06, 0.02, 0.03
45540, 0.06, 0.03, 0.03
45641, 0.05, 0.03, 0.02
45743, 0.05, 0.03, 0.02
45845, 0.04, 0.02, 0.02
45946, 0.05, 0.02, 0.03
46048, 0.06, 0.02, 0.04
46149, 0.05, 0.03, 0.02
46252, 0.06, 0.02, 0.04
46353, 0.05, 0.03, 0.01
46454, 0.06, 0.04, 0.02
46557, 0.05, 0.02, 0.03
46658, 0.05, 0.04, 0.01
46759, 0.05, 0.03, 0.02
46861, 0.05, 0.02, 0.03
46963, 0.06, 0.02, 0.04
47065, 0.06, 0.02, 0.03
47166, 0.08, 0.03, 0.05
47268, 0.05, 0.03, 0.02
47370, 0.06, 0.04, 0.01
47471, 0.05, 0.04, 0.01
47572, 0.05, 0.03, 0.02
47675, 0.05, 0.03, 0.02
47776, 0.05, 0.03, 0.02
47878, 0.05, 0.03, 0.01
47980, 0.06, 0.03, 0.03
48081, 0.05, 0.02, 0.03
48183, 0.06, 0.03, 0.03
48284, 0.05, 0.02, 0.02
48387, 0.05, 0.03, 0.02
48488, 0.05, 0.02, 0.02
48589, 0.05, 0.03, 0.02
48691, 0.05, 0.03, 0.01
48793, 0.06, 0.03, 0.02
48894, 0.06, 0.04, 0.02
48996, 0.05, 0.03, 0.02
49098, 0.06, 0.02, 0.04
49200, 0.05, 0.01, 0.04
49301, 0.04, 0.02, 0.02
49402, 0.05, 0.02, 0.03
49505, 0.06, 0.03, 0.03
49606, 0.06, 0.03, 0.02
49708, 0.06, 0.03, 0.02
49810, 0.06, 0.04, 0.01
49911, 0.05, 0.02, 0.02
50013, 0.05, 0.03, 0.01
50114, 0.06, 0.02, 0.03
50216, 0.06, 0.02, 0.04
50318, 0.05, 0.02, 0.03
50419, 0.06, 0.02, 0.03
50522, 0.05, 0.01, 0.04
50623, 0.06, 0.02, 0.04
50724, 0.04, 0.02, 0.02
50826, 0.05, 0.04, 0.01
50928, 0.05, 0.03, 0.02
51030, 0.05, 0.03, 0.02
51131, 0.06, 0.02, 0.04
51233, 0.06, 0.03, 0.03
51335, 0.05, 0.01, 0.04
51436, 0.05, 0.03, 0.02
51537, 0.05, 0.03, 0.02
51640, 0.05, 0.04, 0.01
51741, 0.05, 0.06, -0.00
51843, 0.06, 0.05, 0.01
51944, 0.06, 0.02, 0.03
52046, 0.05, 0.03, 0.02
52148, 0.04, 0.03, 0.01
52249, 0.05, 0.02, 0.03
52352, 0.06, 0.02, 0.03
52453, 0.06, 0.02, 0.03
52554, 0.06, 0.02, 0.03
52656, 0.06, 0.02, 0.03
52758, 0.06, 0.02, 0.04
52859, 0.05, 0.03, 0.02
52961, 0.04, 0.02, 0.02
53063, 0.06, 0.04, 0.02
53165, 0.06, 0.01, 0.04
53266, 0.04, 0.02, 0.02
53367, 0.06, 0.02, 0.04
53470, 0.05, 0.02, 0.03
53571, 0.05, 0.03, 0.02
53672, 0.05, 0.04, 0.01
53775, 0.05, 0.03, 0.02
53876, 0.05, 0.03, 0.01
53978, 0.06, 0.04, 0.02
54079, 0.05, 0.04, 0.01
54181, 0.05, 0.03, 0.02
54283, 0.05, 0.03, 0.01
54384, 0.05, 0.03, 0.02
54487, 0.06, 0.02, 0.03
54588, 0.06, 0.02, 0.03
54689, 0.06, 0.02, 0.03
54791, 0.05, 0.04, 0.01
54893, 0.05, 0.02, 0.02
54994, 0.05, 0.02, 0.03
55096, 0.05, 0.04, 0.01
55198, 0.05, 0.04, 0.01
55300, 0.05, 0.03, 0.01
55401, 0.05, 0.04, 0.01
55502, 0.05, 0.03, 0.02
55605, 0.06, 0.03, 0.02
55706, 0.05, 0.01, 0.03
55808, 0.06, 0.03, 0.03
55910, 0.05, 0.03, 0.02
56011, 0.05, 0.02, 0.02
56113, 0.06, 0.03, 0.03
56214, 0.06, 0.03, 0.03
56316, 0.05, 0.04, 0.01
56418, 0.06, 0.03, 0.03
56519, 0.04, 0.02, 0.02
56622, 0.05, 0.01, 0.04
56723, 0.06, 0.03, 0.03
56824, 0.06, 0.02, 0.04
56926, 0.06, 0.02, 0.03
57028, 0.04, 0.03, 0.01
57129, 0.04, 0.02, 0.02
57231, 0.05, 0.02, 0.03
57332, 0.06, 0.02, 0.03
57435, 0.06, 0.03, 0.03
57536, 0.05, 0.02, 0.02
57637, 0.05, 0.03, 0.02
57740, 0.06, 0.02, 0.04
57841, 0.05, 0.02, 0.02
57943, 0.05, 0.02, 0.02
58044, 0.05, 0.03, 0.02
58146, 0.06, 0.04, 0.02
58248, 0.06, 0.03, 0.03
58349, 0.05, 0.04, 0.01
58451, 0.05, 0.05, 0.00
58553, 0.05, 0.03, 0.02
58654, 0.04, 0.03, 0.01
58756, 0.06, 0.02, 0.03
58858, 0.05, 0.00, 0.05
58959, 0.05, 0.02, 0.03
59061, 0.05, 0.02, 0.03
59163, 0.05, 0.04, 0.01
59265, 0.06, 0.04, 0.02
59366, 0.05, 0.04, 0.01
59467, 0.05, 0.03, 0.02
59570, 0.06, 0.03, 0.02
59671, 0.05, 0.02, 0.02
59772, 0.06, 0.03, 0.03
59875, 0.05, 0.03, 0.02
59976, 0.05, 0.01, 0.04
60078, 0.05, 0.03, 0.02
60179, 0.05, 0.02, 0.02
60281, 0.05, 0.03, 0.02
60383, 0.06, 0.03, 0.03
60484, 0.05, 0.02, 0.02
60585, 0.05, 0.04, 0.01
60688, 0.05, 0.03, 0.02
60789, 0.05, 0.02, 0.02
60891, 0.05, 0.03, 0.02
60993, 0.05, 0.02, 0.03
61094, 0.05, 0.02, 0.03
61196, 0.05, 0.02, 0.02
61297, 0.06, 0.02, 0.04
61400, 0.06, 0.01, 0.05
61501, 0.05, 0.03, 0.02
61602, 0.05, 0.04, 0.00
61705, 0.05, 0.03, 0.01
61806, 0.05, 0.01, 0.04
61907, 0.05, 0.02, 0.03
62009, 0.05, 0.03, 0.01
62111, 0.06, 0.04, 0.02
62213, 0.06, 0.02, 0.04
62314, 0.05, 0.03, 0.02
62416, 0.05, 0.03, 0.02
62518, 0.05, 0.03, 0.02
62619, 0.06, 0.02, 0.04
62721, 0.05, 0.03, 0.01
62823, 0.06, 0.03, 0.02
62924, 0.05, 0.03, 0.01
63026, 0.04, 0.03, 0.01
63128, 0.04, 0.03, 0.01
63229, 0.05, 0.02, 0.03
63331, 0.06, 0.02, 0.04
63432, 0.05, 0.01, 0.04
63535, 0.05, 0.02, 0.02
63636, 0.05, 0.02, 0.03
63737, 0.06, 0.03, 0.02
63839, 0.05, 0.03, 0.02
63941, 0.05, 0.04, 0.01
64043, 0.06, 0.02, 0.03
64144, 0.06, 0.03, 0.03
64246, 0.06, 0.03, 0.03
64348, 0.05, 0.01, 0.03
64449, 0.05, 0.02, 0.03
64550, 0.05, 0.02, 0.03
64653, 0.06, 0.03, 0.03
64754, 0.05, 0.03, 0.01
64856, 0.05, 0.03, 0.02
64958, 0.05, 0.03, 0.01
65059, 0.05, 0.03, 0.01
65161, 0.05, 0.03, 0.01
65262, 0.05, 0.02, 0.02
65364, 0.05, 0.03, 0.02
65466, 0.05, 0.01, 0.04
65567, 0.05, 0.03, 0.02
65670, 0.06, 0.04, 0.02
65771, 0.05, 0.02, 0.03
65872, 0.06, 0.03, 0.03
65974, 0.06, 0.02, 0.03
66076, 0.06, 0.02, 0.04
66178, 0.05, 0.02, 0.02
66279, 0.05, 0.03, 0.02
66381, 0.06, 0.03, 0.03
66483, 0.06, 0.03, 0.03
66584, 0.05, 0.02, 0.03
66685, 0.05, 0.03, 0.02
66788, 0.05, 0.03, 0.02
66889, 0.05, 0.02, 0.03
66991, 0.05, 0.03, 0.02
67093, 0.06, 0.04, 0.02
67194, 0.05, 0.03, 0.02
67296, 0.05, 0.01, 0.04
67397, 0.05, 0.03, 0.02
67500, 0.06, 0.02, 0.04
67601, 0.06, 0.03, 0.03
67702, 0.06, 0.03, 0.03
67805, 0.05, 0.07, -0.02
67906, 0.06, 0.02, 0.03
68007, 0.06, 0.04, 0.02
68109, 0.05, 0.03, 0.02
68211, 0.05, 0.03, 0.02
68313, 0.06, 0.03, 0.02
68414, 0.06, 0.04, 0.02
68516, 0.05, 0.02, 0.03
68618, 0.05, 0.02, 0.02
68719, 0.06, 0.02, 0.03
68820, 0.05, 0.01, 0.04
68923, 0.06, 0.03, 0.02
69024, 0.06, 0.03, 0.02
69126, 0.05, 0.02, 0.03
69227, 0.05, 0.04, 0.01
69329, 0.06, 0.03, 0.02
69431, 0.05, 0.03, 0.01
69532, 0.05, 0.03, 0.02
69635, 0.06, 0.01, 0.05
69736, 0.05, 0.02, 0.03
69837, 0.06, 0.02, 0.03
69939, 0.06, 0.02, 0.03
70041, 0.06, 0.02, 0.03
70142, 0.05, 0.04, 0.01
70244, 0.05, 0.05, 0.00
70346, 0.06, 0.04, 0.02
70448, 0.04, 0.02, 0.02
70549, 0.05, 0.04, 0.01
70650, 0.06, 0.01, 0.05
70753, 0.05, 0.03, 0.02
70854, 0.04, 0.04, 0.00
70956, 0.06, 0.02, 0.04
71057, 0.05, 0.02, 0.03
71159, 0.05, 0.03, 0.02
71261, 0.06, 0.03, 0.03
71362, 0.05, 0.05, 0.00
71464, 0.06, 0.03, 0.03
71566, 0.06, 0.03, 0.03
71667, 0.06, 0.02, 0.04
71769, 0.05, 0.03, 0.02
71871, 0.05, 0.03, 0.02
71972, 0.05, 0.03, 0.02
72074, 0.05, 0.02, 0.03
72176, 0.05, 0.02, 0.03
72278, 0.04, 0.04, 0.00
72379, 0.05, 0.04, 0.01
72480, 0.05, 0.04, 0.01
72583, 0.05, 0.03, 0.01
72684, 0.06, 0.03, 0.02
72785, 0.06, 0.02, 0.03
72888, 0.06, 0.04, 0.02
72989, 0.06, 0.03, 0.03
73091, 0.05, 0.02, 0.03
73192, 0.05, 0.03, 0.02
73294, 0.06, 0.03, 0.02
73396, 0.05, 0.03, 0.02
73497, 0.06, 0.04, 0.02
73600, 0.05, 0.03, 0.02
73701, 0.05, 0.02, 0.03
73802, 0.05, 0.03, 0.02
73904, 0.06, 0.01, 0.05
74006, 0.05, 0.01, 0.04
74107, 0.05, 0.02, 0.03
74209, 0.05, 0.01, 0.04
74311, 0.05, 0.03, 0.02
74413, 0.06, 0.02, 0.03
74514, 0.06, 0.04, 0.02
74615, 0.05, 0.03, 0.02
74718, 0.05, 0.03, 0.02
74819, 0.05, 0.04, 0.01
74920, 0.05, 0.03, 0.02
75022, 0.05, 0.03, 0.02
75124, 0.05, 0.04, 0.01
75226, 0.05, 0.04, 0.01
75327, 0.05, 0.02, 0.03
75429, 0.05, 0.02, 0.02
75531, 0.05, 0.03, 0.02
75632, 0.05, 0.04, 0.01
75734, 0.06, 0.04, 0.01
75836, 0.05, 0.04, 0.01
75937, 0.05, 0.04, 0.01
76039, 0.05, 0.01, 0.04
76141, 0.05, 0.03, 0.02
76242, 0.05, 0.03, 0.02
76344, 0.05, 0.02, 0.03
76445, 0.05, 0.03, 0.02
76548, 0.06, 0.04, 0.02
76649, 0.06, 0.03, 0.03
76750, 0.05, 0.04, 0.01
76853, 0.06, 0.03, 0.02
76954, 0.05, 0.04, 0.01
77056, 0.06, 0.02, 0.03
77157, 0.05, 0.03, 0.02
77259, 0.05, 0.02, 0.03
77361, 0.05, 0.03, 0.01
77462, 0.04, 0.03, 0.01
77564, 0.05, 0.03, 0.02
77666, 0.06, 0.02, 0.03
77767, 0.05, 0.03, 0.02
77869, 0.06, 0.03, 0.02
77971, 0.05, 0.03, 0.02
78072, 0.05, 0.04, 0.01
78174, 0.05, 0.03, 0.02
78275, 0.05, 0.02, 0.03
78377, 0.06, 0.01, 0.05
78479, 0.06, 0.02, 0.03
78580, 0.05, 0.03, 0.02
78683, 0.05, 0.02, 0.03
78784, 0.05, 0.03, 0.02
78885, 0.06, 0.03, 0.02
78987, 0.05, 0.03, 0.02
79089, 0.05, 0.04, 0.01
79191, 0.06, 0.03, 0.03
79292, 0.04, 0.04, 0.00
79394, 0.06, 0.03, 0.03
79496, 0.06, 0.01, 0.05
79597, 0.05, 0.02, 0.03
79698, 0.06, 0.01, 0.04
79801, 0.06, 0.02, 0.03
79902, 0.05, 0.03, 0.01
80004, 0.05, 0.02, 0.02
80106, 0.05, 0.02, 0.03
80207, 0.06, 0.03, 0.02
80309, 0.06, 0.03, 0.02
80410, 0.05, 0.04, 0.01
80513, 0.05, 0.03, 0.02
80614, 0.05, 0.02, 0.03
80715, 0.05, 0.01, 0.04
80818, 0.05, 0.03, 0.02
80919, 0.05, 0.02, 0.03
81020, 0.06, 0.03, 0.03
81122, 0.05, 0.01, 0.03
81224, 0.07, 0.03, 0.03
81326, 0.05, 0.03, 0.02
81427, 0.05, 0.04, 0.01
81529, 0.05, 0.02, 0.03
81631, 0.05, 0.04, 0.01
81732, 0.06, 0.02, 0.03
81833, 0.05, 0.01, 0.04
81936, 0.06, 0.02, 0.04
82037, 0.05, 0.03, 0.02
82139, 0.05, 0.03, 0.02
82240, 0.06, 0.04, 0.01
82342, 0.05, 0.03, 0.02
82444, 0.05, 0.03, 0.02
82545, 0.06, 0.04, 0.02
82648, 0.05, 0.01, 0.04
82749, 0.06, 0.03, 0.03
82850, 0.06, 0.03, 0.03
82952, 0.06, 0.02, 0.03
83054, 0.05, 0.03, 0.02
83155, 0.05, 0.03, 0.02
83257, 0.05, 0.03, 0.02
83359, 0.06, 0.03, 0.02
83461, 0.06, 0.03, 0.02
83562, 0.05, 0.03, 0.02
83663, 0.05, 0.03, 0.02
83766, 0.06, 0.02, 0.03
83867, 0.05, 0.01, 0.03
83969, 0.05, 0.03, 0.02
84071, 0.06, 0.07, -0.01
84172, 0.05, 0.02, 0.03
84274, 0.06, 0.04, 0.02
84375, 0.05, 0.03, 0.01
84477, 0.06, 0.04, 0.02
84579, 0.05, 0.03, 0.02
84680, 0.05, 0.02, 0.03
84783, 0.06, 0.03, 0.03
84884, 0.06, 0.02, 0.03
84985, 0.05, 0.01, 0.04
85087, 0.05, 0.01, 0.04
85189, 0.05, 0.02, 0.03
85291, 0.06, 0.03, 0.03
85392, 0.06, 0.03, 0.02
85494, 0.05, 0.02, 0.03
85596, 0.05, 0.04, 0.01
85697, 0.05, 0.05, 0.00
85798, 0.05, 0.03, 0.02
85901, 0.06, 0.03, 0.03
86002, 0.05, 0.01, 0.04
86104, 0.04, 0.02, 0.02
86205, 0.05, 0.03, 0.01
86307, 0.05, 0.03, 0.02
86409, 0.05, 0.03, 0.02
86510, 0.06, 0.04, 0.02
86612, 0.06, 0.04, 0.01
86714, 0.05, 0.04, 0.01
86815, 0.06, 0.03, 0.02
86917, 0.05, 0.03, 0.01
87019, 0.06, 0.03, 0.03
87120, 0.06, 0.04, 0.02
87222, 0.06, 0.02, 0.04
87324, 0.06, 0.02, 0.04
87426, 0.05, 0.01, 0.04
87527, 0.05, 0.04, 0.01
87628, 0.05, 0.03, 0.02
87731, 0.05, 0.04, 0.01
87832, 0.06, 0.02, 0.04
87933, 0.05, 0.02, 0.03
88036, 0.05, 0.03, 0.02
88137, 0.06, 0.02, 0.03
88239, 0.05, 0.02, 0.03
88340, 0.04, 0.02, 0.02
88442, 0.05, 0.03, 0.02
88544, 0.06, 0.03, 0.03
88645, 0.05, 0.03, 0.02
88748, 0.06, 0.03, 0.02
88849, 0.05, 0.00, 0.05
88950, 0.05, 0.02, 0.02
89052, 0.05, 0.02, 0.03
89154, 0.06, 0.02, 0.03
89255, 0.05, 0.02, 0.03
89357, 0.06, 0.03, 0.03
89459, 0.05, 0.01, 0.04
89561, 0.05, 0.01, 0.04
89662, 0.05, 0.02, 0.03
89763, 0.06, 0.03, 0.03
89866, 0.05, 0.04, 0.01
89967, 0.05, 0.03, 0.02
90068, 0.04, 0.02, 0.02
90170, 0.05, 0.03, 0.02
90272, 0.06, 0.02, 0.03
90374, 0.06, 0.02, 0.04
90475, 0.05, 0.02, 0.03
90577, 0.06, 0.02, 0.03
90679, 0.05, 0.03, 0.02
90780, 0.05, 0.04, 0.01
90882, 0.05, 0.04, 0.01
90984, 0.06, 0.03, 0.03
91085, 0.05, 0.03, 0.02
91187, 0.05, 0.03, 0.02
91289, 0.05, 0.02, 0.03
91390, 0.05, 0.03, 0.02
91492, 0.05, 0.02, 0.03
91593, 0.05, 0.02, 0.02
91696, 0.05, 0.03, 0.01
91797, 0.06, 0.02, 0.04
91898, 0.06, 0.02, 0.03
92001, 0.06, 0.03, 0.03
92102, 0.06, 0.03, 0.03
92204, 0.05, 0.03, 0.02
92305, 0.05, 0.02, 0.02
92407, 0.06, 0.03, 0.02
92509, 0.06, 0.02, 0.03
92610, 0.06, 0.02, 0.03
92712, 0.06, 0.03, 0.03
92814, 0.05, 0.02, 0.03
92915, 0.05, 0.03, 0.02
93017, 0.06, 0.04, 0.02
93119, 0.06, 0.03, 0.03
93220, 0.06, 0.03, 0.02
93322, 0.06, 0.03, 0.03
93424, 0.06, 0.02, 0.04
93526, 0.05, 0.03, 0.01
93627, 0.06, 0.00, 0.05
93728, 0.06, 0.02, 0.04
93831, 0.05, 0.03, 0.02
93932, 0.05, 0.03, 0.02
94033, 0.06, 0.02, 0.03
94135, 0.05, 0.03, 0.01
94237, 0.05, 0.03, 0.02
94339, 0.05, 0.03, 0.02
94440, 0.04, 0.03, 0.01
94542, 0.04, 0.03, 0.01
94644, 0.06, 0.02, 0.03
94745, 0.06, 0.02, 0.03
94846, 0.06, 0.03, 0.03
94949, 0.05, 0.03, 0.02
95050, 0.05, 0.02, 0.03
95152, 0.05, 0.03, 0.02
95254, 0.05, 0.03, 0.01
95355, 0.05, 0.03, 0.02
95457, 0.05, 0.03, 0.02
95558, 0.04, 0.04, 0.00
95661, 0.05, 0.03, 0.02
95762, 0.06, 0.02, 0.04
95863, 0.05, 0.03, 0.02
95966, 0.05, 0.02, 0.03
96067, 0.05, 0.04, 0.01
96168, 0.06, 0.02, 0.03
96270, 0.06, 0.02, 0.04
96372, 0.06, 0.04, 0.02
96474, 0.05, 0.03, 0.01
96575, 0.06, 0.03, 0.03
96677, 0.05, 0.01, 0.04
96779, 0.05, 0.03, 0.02
96880, 0.06, 0.02, 0.03
96982, 0.06, 0.03, 0.03
97084, 0.05, 0.03, 0.02
97185, 0.05, 0.04, 0.01
97287, 0.06, 0.03, 0.03
97388, 0.06, 0.03, 0.03
97490, 0.06, 0.04, 0.02
97592, 0.06, 0.04, 0.02
97693, 0.05, 0.04, 0.01
97796, 0.06, 0.03, 0.03
97897, 0.06, 0.02, 0.04
97998, 0.05, 0.02, 0.03
98100, 0.06, 0.04, 0.02
98202, 0.06, 0.03, 0.02
98304, 0.05, 0.05, 0.00
98405, 0.06, 0.03, 0.03
98507, 0.05, 0.03, 0.02
98609, 0.06, 0.03, 0.02
98710, 0.06, 0.02, 0.03
98811, 0.06, 0.02, 0.04
98914, 0.05, 0.03, 0.02
99015, 0.05, 0.02, 0.03
99117, 0.06, 0.04, 0.02
99219, 0.06, 0.04, 0.02
99320, 0.05, 0.04, 0.01
99422, 0.06, 0.03, 0.02
99523, 0.05, 0.05, 0.00
99625, 0.06, 0.03, 0.02
99727, 0.05, 0.02, 0.03
99828, 0.06, 0.02, 0.04
99931, 0.04, 0.03, 0.01
100032, 0.05, 0.03, 0.02
100133, 0.06, 0.03, 0.03
100236, 0.05, 0.04, 0.01
100337, 0.05, 0.01, 0.04
100439, 0.05, 0.03, 0.02
100541, 0.06, 0.03, 0.03
100642, 0.05, 0.03, 0.02
100744, 0.05, 0.03, 0.02
100846, 0.06, 0.03, 0.02
100947, 0.06, 0.04, 0.02
101049, 0.06, 0.03, 0.03
101150, 0.05, 0.01, 0.04
101253, 0.06, 0.04, 0.02
101354, 0.06, 0.03, 0.03
101455, 0.05, 0.03, 0.02
101558, 0.05, 0.04, 0.01
101659, 0.05, 0.04, 0.01
101761, 0.05, 0.03, 0.02
101863, 0.06, 0.04, 0.02
101964, 0.06, 0.03, 0.03
102066, 0.05, 0.02, 0.02
102168, 0.06, 0.03, 0.02
102269, 0.05, 0.02, 0.03
102371, 0.05, 0.03, 0.02
102473, 0.06, 0.03, 0.02
102575, 0.05, 0.04, 0.01
102676, 0.05, 0.03, 0.02
102778, 0.04, 0.04, 0.00
102880, 0.04, 0.03, 0.01
102981, 0.05, 0.03, 0.02
103084, 0.05, 0.04, 0.01
103185, 0.05, 0.02, 0.03
103286, 0.05, 0.02, 0.03
103389, 0.05, 0.03, 0.02
103490, 0.04, 0.03, 0.01
103591, 0.06, 0.03, 0.03
103694, 0.05, 0.04, 0.01
103795, 0.06, 0.03, 0.03
103897, 0.05, 0.03, 0.02
103999, 0.06, 0.03, 0.02
104100, 0.06, 0.03, 0.03
104202, 0.04, 0.01, 0.03
104304, 0.05, 0.02, 0.03
104406, 0.05, 0.03, 0.02
104507, 0.05, 0.04, 0.01
104609, 0.05, 0.01, 0.04
104711, 0.06, 0.03, 0.03
104812, 0.06, 0.04, 0.02
104914, 0.05, 0.03, 0.02
105016, 0.06, 0.02, 0.04
105117, 0.05, 0.01, 0.04
105220, 0.06, 0.03, 0.03
105321, 0.06, 0.02, 0.04
105422, 0.05, 0.03, 0.02
105525, 0.05, 0.03, 0.02
105626, 0.05, 0.04, 0.01
105728, 0.05, 0.03, 0.01
105830, 0.05, 0.04, 0.01
105931, 0.06, 0.02, 0.03
106033, 0.05, 0.03, 0.02
106135, 0.05, 0.02, 0.02
106236, 0.05, 0.02, 0.03
106338, 0.05, 0.02, 0.03
106440, 0.06, 0.03, 0.02
106542, 0.05, 0.02, 0.03
106643, 0.05, 0.04, 0.01
106745, 0.05, 0.03, 0.01
106847, 0.05, 0.03, 0.02
106948, 0.05, 0.03, 0.02
107051, 0.05, 0.04, 0.01
107152, 0.05, 0.04, 0.01
107253, 0.05, 0.02, 0.03
107356, 0.06, 0.02, 0.04
107457, 0.05, 0.02, 0.03
107558, 0.05, 0.03, 0.02
107661, 0.05, 0.02, 0.02
107762, 0.06, 0.02, 0.03
107864, 0.06, 0.03, 0.03
107966, 0.05, 0.03, 0.02
108067, 0.05, 0.02, 0.02
108169, 0.05, 0.03, 0.02
108271, 0.05, 0.04, 0.01
108372, 0.05, 0.01, 0.03
108474, 0.06, 0.02, 0.04
108576, 0.06, 0.03, 0.03
108678, 0.05, 0.02, 0.02
108779, 0.06, 0.02, 0.04
108880, 0.05, 0.04, 0.01
108983, 0.05, 0.05, 0.00
109084, 0.06, 0.04, 0.02
109186, 0.07, 0.02, 0.04
109288, 0.06, 0.03, 0.03
109389, 0.05, 0.03, 0.02
109491, 0.05, 0.04, 0.01
109593, 0.06, 0.02, 0.04
109694, 0.06, 0.02, 0.04
109796, 0.06, 0.04, 0.02
109898, 0.04, 0.03, 0.00
110000, 0.06, 0.03, 0.03
110101, 0.05, 0.03, 0.02
110203, 0.06, 0.04, 0.02
110305, 0.05, 0.02, 0.03
110406, 0.06, 0.02, 0.03
110509, 0.05, 0.02, 0.03
110610, 0.05, 0.02, 0.02
110711, 0.05, 0.04, 0.01
110814, 0.05, 0.03, 0.01
110915, 0.05, 0.04, 0.01
111016, 0.06, 0.04, 0.02
111119, 0.04, 0.04, 0.00
111220, 0.05, 0.04, 0.01
111322, 0.06, 0.02, 0.03
111424, 0.05, 0.04, 0.01
111525, 0.05, 0.02, 0.02
111627, 0.05, 0.03, 0.01
111729, 0.05, 0.03, 0.02
111831, 0.05, 0.01, 0.04
111932, 0.06, 0.03, 0.03
112034, 0.05, 0.03, 0.02
112136, 0.05, 0.03, 0.01
112237, 0.05, 0.04, 0.01
112339, 0.05, 0.03, 0.02
112441, 0.06, 0.03, 0.03
112542, 0.05, 0.02, 0.03
112645, 0.05, 0.03, 0.02
112746, 0.04, 0.02, 0.02
112847, 0.05, 0.02, 0.03
112950, 0.06, 0.04, 0.02
113051, 0.06, 0.04, 0.02
113153, 0.05, 0.03, 0.02
113255, 0.06, 0.02, 0.04
113356, 0.06, 0.04, 0.02
113458, 0.05, 0.03, 0.02
113560, 0.05, 0.03, 0.02
113661, 0.06, 0.03, 0.03
113763, 0.06, 0.04, 0.02
113865, 0.06, 0.02, 0.04
113967, 0.05, 0.03, 0.02
114068, 0.05, 0.03, 0.02
114170, 0.05, 0.02, 0.02
114272, 0.05, 0.03, 0.02
114373, 0.06, 0.03, 0.02
114476, 0.05, 0.03, 0.02
114577, 0.05, 0.04, 0.01
114678, 0.05, 0.03, 0.01
114781, 0.05, 0.02, 0.03
114882, 0.05, 0.03, 0.02
114983, 0.05, 0.03, 0.02
115086, 0.06, 0.04, 0.01
115187, 0.05, 0.04, 0.01
115289, 0.05, 0.03, 0.02
115391, 0.06, 0.04, 0.02
115492, 0.07, 0.03, 0.04
115594, 0.05, 0.04, 0.01
115696, 0.05, 0.02, 0.02
115798, 0.05, 0.02, 0.03
115899, 0.06, 0.03, 0.03
116001, 0.05, 0.03, 0.02
116103, 0.06, 0.02, 0.04
116204, 0.06, 0.03, 0.02
116305, 0.05, 0.04, 0.01
116408, 0.07, 0.02, 0.04
116509, 0.05, 0.03, 0.02
116611, 0.05, 0.03, 0.02
116713, 0.05, 0.01, 0.04
116814, 0.05, 0.03, 0.02
116916, 0.06, 0.02, 0.04
117018, 0.05, 0.04, 0.01
117120, 0.05, 0.03, 0.02
117221, 0.06, 0.03, 0.03
117323, 0.06, 0.03, 0.03
117425, 0.04, 0.03, 0.01
117526, 0.06, 0.03, 0.02
117628, 0.06, 0.04, 0.01
117730, 0.05, 0.04, 0.01
117831, 0.06, 0.02, 0.03
117934, 0.06, 0.02, 0.04
118035, 0.04, 0.02, 0.02
118136, 0.05, 0.01, 0.04
118239, 0.06, 0.04, 0.02
118340, 0.05, 0.03, 0.02
118441, 0.05, 0.03, 0.02
118544, 0.06, 0.04, 0.02
118645, 0.05, 0.04, 0.01
118747, 0.05, 0.03, 0.02
118849, 0.05, 0.03, 0.01
118950, 0.06, 0.03, 0.03
119052, 0.05, 0.01, 0.04
119154, 0.05, 0.03, 0.02
119256, 0.06, 0.04, 0.02
119357, 0.06, 0.02, 0.03
119459, 0.05, 0.03, 0.02
119561, 0.05, 0.03, 0.02
119662, 0.05, 0.04, 0.01
119764, 0.05, 0.03, 0.02
119866, 0.06, 0.03, 0.03
119967, 0.05, 0.03, 0.02
120070, 0.05, 0.03, 0.02
120171, 0.06, 0.03, 0.03
120272, 0.06, 0.03, 0.03
120375, 0.04, 0.03, 0.01
120476, 0.05, 0.03, 0.02
120578, 0.06, 0.04, 0.02
120680, 0.05, 0.04, 0.01
120781, 0.06, 0.04, 0.02
120883, 0.05, 0.02, 0.02
120985, 0.05, 0.01, 0.03
121086, 0.06, 0.03, 0.02
121188, 0.06, 0.02, 0.03
121290, 0.05, 0.01, 0.04
121392, 0.05, 0.04, 0.01
121493, 0.06, 0.05, 0.01
121595, 0.05, 0.03, 0.02
121697, 0.05, 0.04, 0.01
121798, 0.05, 0.04, 0.01
121901, 0.06, 0.02, 0.04
122002, 0.05, 0.03, 0.01
122103, 0.05, 0.02, 0.02
122206, 0.06, 0.02, 0.03
122307, 0.06, 0.03, 0.03
122408, 0.05, 0.04, 0.01
122511, 0.05, 0.03, 0.02
122612, 0.06, 0.03, 0.02
122714, 0.04, 0.03, 0.00
122816, 0.05, 0.04, 0.01
122917, 0.05, 0.05, 0.00
123019, 0.05, 0.03, 0.01
123121, 0.07, 0.02, 0.04
123223, 0.06, 0.01, 0.04
123324, 0.06, 0.03, 0.03
123426, 0.05, 0.03, 0.01
123528, 0.05, 0.03, 0.02
123629, 0.06, 0.02, 0.03
123731, 0.05, 0.04, 0.01
123833, 0.05, 0.03, 0.02
123934, 0.06, 0.03, 0.02
124037, 0.05, 0.03, 0.02
124138, 0.05, 0.02, 0.03
124239, 0.06, 0.04, 0.02
124342, 0.05, 0.02, 0.03
124443, 0.05, 0.03, 0.02
124545, 0.05, 0.03, 0.02
124647, 0.06, 0.03, 0.03
124748, 0.05, 0.03, 0.02
124850, 0.06, 0.05, 0.01
124952, 0.05, 0.03, 0.02
125053, 0.05, 0.03, 0.01
125155, 0.05, 0.03, 0.02
125256, 0.05, 0.02, 0.03
125359, 0.05, 0.02, 0.03
125460, 0.05, 0.03, 0.02
125561, 0.05, 0.04, 0.01
125664, 0.06, 0.03, 0.02
125765, 0.05, 0.02, 0.03
125867, 0.06, 0.03, 0.03
125969, 0.06, 0.04, 0.02
126070, 0.05, 0.03, 0.01
126172, 0.06, 0.02, 0.03
126274, 0.05, 0.03, 0.01
126375, 0.06, 0.02, 0.04
126477, 0.05, 0.02, 0.03
126579, 0.05, 0.04, 0.01
126681, 0.05, 0.03, 0.02
126782, 0.05, 0.03, 0.02
126884, 0.05, 0.05, 0.00
126986, 0.05, 0.05, -0.00
127087, 0.05, 0.03, 0.02
127190, 0.06, 0.02, 0.03
127291, 0.05, 0.02, 0.03
127392, 0.05, 0.02, 0.03
127495, 0.06, 0.02, 0.04
127596, 0.06, 0.02, 0.03
127697, 0.06, 0.03, 0.02
127800, 0.05, 0.02, 0.03
127901, 0.06, 0.04, 0.02
128003, 0.05, 0.04, 0.01
128105, 0.05, 0.04, 0.01
128206, 0.05, 0.03, 0.02
128308, 0.04, 0.03, 0.01
128410, 0.05, 0.03, 0.02
128512, 0.06, 0.03, 0.03
128613, 0.05, 0.03, 0.02
128715, 0.05, 0.02, 0.02
128817, 0.05, 0.03, 0.02
128918, 0.05, 0.02, 0.03
129020, 0.05, 0.05, 0.00
129122, 0.06, 0.04, 0.02
129223, 0.06, 0.03, 0.03
129326, 0.06, 0.04, 0.02
129427, 0.06, 0.02, 0.03
129528, 0.05, 0.02, 0.03
129631, 0.05, 0.03, 0.02
129732, 0.05, 0.03, 0.01
129833, 0.06, 0.04, 0.02
129936, 0.05, 0.04, 0.01
130037, 0.05, 0.03, 0.02
130139, 0.06, 0.03, 0.03
130241, 0.04, 0.04, 0.00
130342, 0.06, 0.04, 0.02
130444, 0.06, 0.03, 0.03
130545, 0.05, 0.03, 0.02
130648, 0.07, 0.02, 0.04
130749, 0.06, 0.02, 0.03
130850, 0.05, 0.02, 0.03
130953, 0.05, 0.03, 0.02
131054, 0.05, 0.04, 0.01
131155, 0.04, 0.03, 0.01
131258, 0.06, 0.04, 0.01
131359, 0.06, 0.08, -0.02
131461, 0.06, 0.03, 0.02
131563, 0.06, 0.04, 0.02
131664, 0.05, 0.04, 0.00
131766, 0.05, 0.03, 0.02
131868, 0.06, 0.02, 0.03
131970, 0.06, 0.03, 0.03
132071, 0.06, 0.03, 0.03
132173, 0.05, 0.02, 0.02
132275, 0.06, 0.03, 0.02
132376, 0.06, 0.03, 0.02
132478, 0.06, 0.04, 0.02
132580, 0.05, 0.02, 0.03
132681, 0.06, 0.03, 0.03
132784, 0.05, 0.04, 0.01
132885, 0.06, 0.03, 0.03
132986, 0.05, 0.04, 0.01
133089, 0.05, 0.02, 0.03
133190, 0.05, 0.05, 0.00
133292, 0.06, 0.04, 0.02
133394, 0.06, 0.04, 0.01
133495, 0.06, 0.04, 0.02
133597, 0.05, 0.03, 0.02
133699, 0.04, 0.02, 0.02
133800, 0.05, 0.04, 0.01
133902, 0.05, 0.02, 0.03
134004, 0.04, 0.02, 0.02
134106, 0.06, 0.02, 0.04
134207, 0.06, 0.02, 0.04
134309, 0.05, 0.04, 0.01
134411, 0.05, 0.03, 0.02
134512, 0.05, 0.03, 0.02
134615, 0.05, 0.03, 0.02
134716, 0.05, 0.03, 0.02
134817, 0.05, 0.03, 0.01
134920, 0.05, 0.03, 0.02
135021, 0.06, 0.02, 0.04
135122, 0.06, 0.03, 0.02
135225, 0.06, 0.04, 0.02
135326, 0.05, 0.03, 0.01
135428, 0.05, 0.05, 0.00
135530, 0.05, 0.04, 0.01
135631, 0.06, 0.03, 0.03
135733, 0.05, 0.02, 0.03
135835, 0.05, 0.03, 0.02
135937, 0.06, 0.03, 0.03
136038, 0.05, 0.02, 0.03
136140, 0.06, 0.03, 0.03
136242, 0.05, 0.04, 0.01
136343, 0.05, 0.03, 0.02
136445, 0.06, 0.03, 0.03
136547, 0.05, 0.04, 0.00
136648, 0.06, 0.03, 0.02
136750, 0.06, 0.02, 0.03
136852, 0.05, 0.03, 0.02
136953, 0.06, 0.02, 0.03
137055, 0.06, 0.02, 0.04
137157, 0.05, 0.02, 0.03
137259, 0.05, 0.01, 0.03
137360, 0.05, 0.04, 0.01
137462, 0.05, 0.03, 0.02
137564, 0.06, 0.04, 0.02
137665, 0.05, 0.04, 0.01
137767, 0.05, 0.03, 0.02
137869, 0.06, 0.03, 0.03
137970, 0.06, 0.03, 0.02
138073, 0.04, 0.02, 0.02
138174, 0.05, 0.01, 0.04
138275, 0.06, 0.03, 0.03
138378, 0.05, 0.03, 0.02
138479, 0.06, 0.02, 0.04
138580, 0.05, 0.03, 0.01
138683, 0.06, 0.04, 0.01
138784, 0.05, 0.03, 0.02
138886, 0.05, 0.02, 0.03
138988, 0.06, 0.03, 0.03
139089, 0.05, 0.03, 0.02
139191, 0.06, 0.03, 0.03
139293, 0.06, 0.03, 0.03
139395, 0.05, 0.03, 0.02
139496, 0.05, 0.03, 0.02
139598, 0.06, 0.03, 0.03
139700, 0.05, 0.03, 0.02
139801, 0.05, 0.04, 0.01
139904, 0.05, 0.03, 0.02
140005, 0.04, 0.02, 0.02
140106, 0.06, 0.03, 0.03
140209, 0.04, 0.07, -0.03
140310, 0.06, 0.02, 0.04
140411, 0.05, 0.02, 0.03
140514, 0.06, 0.02, 0.04
140615, 0.06, 0.04, 0.02
140717, 0.05, 0.03, 0.02
140819, 0.06, 0.03, 0.02
140920, 0.05, 0.00, 0.05
141022, 0.06, 0.03, 0.03
141124, 0.06, 0.04, 0.02
141225, 0.05, 0.02, 0.03
141327, 0.05, 0.03, 0.02
141429, 0.06, 0.03, 0.03
141531, 0.06, 0.04, 0.02
141632, 0.05, 0.03, 0.02
141734, 0.05, 0.03, 0.02
141836, 0.06, 0.04, 0.02
141937, 0.06, 0.05, 0.01
142040, 0.06, 0.03, 0.03
142141, 0.05, 0.02, 0.03
142242, 0.06, 0.03, 0.02
142345, 0.05, 0.04, 0.01
142446, 0.05, 0.01, 0.03
142547, 0.05, 0.03, 0.01
142650, 0.06, 0.03, 0.03
142751, 0.05, 0.03, 0.02
142853, 0.05, 0.03, 0.02
142955, 0.06, 0.03, 0.02
143056, 0.05, 0.04, 0.01
143158, 0.05, 0.03, 0.01
143260, 0.07, 0.03, 0.04
143362, 0.06, 0.03, 0.03
143463, 0.05, 0.02, 0.03
143565, 0.03, 0.03, 0.00
143667, 0.05, 0.03, 0.02
143768, 0.05, 0.04, 0.01
143870, 0.06, 0.03, 0.03
143972, 0.06, 0.04, 0.02
144073, 0.05, 0.04, 0.01
144176, 0.06, 0.03, 0.02
144277, 0.05, 0.03, 0.02
144378, 0.05, 0.02, 0.03
144481, 0.05, 0.03, 0.02
144582, 0.05, 0.02, 0.03
144684, 0.05, 0.02, 0.03
144786, 0.05, 0.03, 0.02
144887, 0.06, 0.03, 0.03
144989, 0.06, 0.04, 0.01
145091, 0.04, 0.04, 0.00
145192, 0.05, 0.04, 0.01
145294, 0.05, 0.02, 0.03
145395, 0.06, 0.02, 0.04
145498, 0.06, 0.03, 0.03
145599, 0.04, 0.02, 0.02
145700, 0.06, 0.02, 0.04
145803, 0.05, 0.02, 0.03
145904, 0.05, 0.03, 0.02
146006, 0.06, 0.04, 0.02
146108, 0.05, 0.04, 0.01
146209, 0.05, 0.03, 0.01
146311, 0.05, 0.04, 0.01
146413, 0.05, 0.03, 0.02
146514, 0.05, 0.03, 0.02
146616, 0.06, 0.02, 0.03
146718, 0.05, 0.02, 0.02
146820, 0.05, 0.03, 0.02
146921, 0.04, 0.04, 0.00
147023, 0.05, 0.04, 0.01
147125, 0.05, 0.03, 0.02
147226, 0.07, 0.03, 0.03
147329, 0.06, 0.03, 0.03
147430, 0.05, 0.04, 0.01
147531, 0.06, 0.04, 0.02
147634, 0.05, 0.03, 0.01
147735, 0.06, 0.02, 0.03
147836, 0.06, 0.03, 0.03
147939, 0.05, 0.03, 0.02
148040, 0.06, 0.03, 0.03
148142, 0.06, 0.03, 0.03
148244, 0.06, 0.03, 0.02
148345, 0.05, 0.00, 0.05
148447, 0.06, 0.03, 0.03
148549, 0.05, 0.03, 0.02
148651, 0.06, 0.03, 0.03
148752, 0.05, 0.03, 0.02
148854, 0.05, 0.02, 0.03
148956, 0.06, 0.05, 0.01
149057, 0.05, 0.03, 0.02
149159, 0.06, 0.04, 0.02
149261, 0.05, 0.04, 0.01
149362, 0.05, 0.04, 0.01
149465, 0.06, 0.05, 0.01
149566, 0.06, 0.03, 0.02
149667, 0.05, 0.02, 0.02
149770, 0.05, 0.02, 0.03
149871, 0.06, 0.02, 0.04
149972, 0.04, 0.03, 0.01
150075, 0.06, 0.02, 0.04
150176, 0.05, 0.02, 0.02
150278, 0.05, 0.04, 0.01
150380, 0.06, 0.04, 0.02
150481, 0.05, 0.02, 0.03
150583, 0.06, 0.03, 0.03
150685, 0.05, 0.03, 0.02
150787, 0.06, 0.03, 0.03
150888, 0.05, 0.03, 0.02
150990, 0.06, 0.02, 0.03
151092, 0.05, 0.04, 0.01
151193, 0.05, 0.03, 0.02
151296, 0.05, 0.04, 0.01
151397, 0.05, 0.03, 0.02
151498, 0.06, 0.03, 0.03
151601, 0.06, 0.03, 0.02
151702, 0.05, 0.03, 0.01
151803, 0.05, 0.01, 0.04
151906, 0.06, 0.03, 0.03
152007, 0.06, 0.02, 0.03
152109, 0.05, 0.02, 0.03
152211, 0.05, 0.03, 0.02
152312, 0.06, 0.03, 0.02
152414, 0.06, 0.04, 0.02
152516, 0.06, 0.04, 0.02
152617, 0.06, 0.03, 0.02
152719, 0.06, 0.04, 0.02
152821, 0.05, 0.03, 0.02
152923, 0.06, 0.03, 0.03
153024, 0.06, 0.02, 0.03
153126, 0.06, 0.02, 0.04
153228, 0.05, 0.03, 0.02
153329, 0.06, 0.03, 0.03
153432, 0.05, 0.04, 0.01
153533, 0.06, 0.03, 0.03
153634, 0.06, 0.04, 0.02
153736, 0.05, 0.04, 0.01
153838, 0.06, 0.03, 0.03
153939, 0.06, 0.03, 0.03
154041, 0.06, 0.04, 0.02
154143, 0.06, 0.02, 0.04
154245, 0.05, 0.02, 0.03
154346, 0.05, 0.03, 0.02
154448, 0.06, 0.02, 0.03
154550, 0.05, 0.04, 0.01
154651, 0.06, 0.03, 0.02
154754, 0.06, 0.04, 0.02
154855, 0.05, 0.04, 0.01
154956, 0.05, 0.03, 0.02
155059, 0.05, 0.10, -0.04
155160, 0.05, 0.02, 0.03
155261, 0.06, 0.04, 0.02
155364, 0.05, 0.02, 0.03
155465, 0.07, 0.02, 0.04
155567, 0.05, 0.03, 0.02
155669, 0.06, 0.04, 0.02
155770, 0.05, 0.04, 0.01
155872, 0.06, 0.03, 0.03
155974, 0.06, 0.04, 0.02
156076, 0.04, 0.03, 0.01
156177, 0.05, 0.03, 0.02
156279, 0.05, 0.04, 0.01
156381, 0.05, 0.02, 0.02
156482, 0.05, 0.03, 0.02
156584, 0.06, 0.04, 0.02
156686, 0.06, 0.02, 0.03
156787, 0.05, 0.02, 0.02
156890, 0.05, 0.04, 0.01
156991, 0.05, 0.04, 0.01
157092, 0.05, 0.02, 0.03
157195, 0.06, 0.02, 0.04
157296, 0.06, 0.02, 0.03
157398, 0.06, 0.02, 0.03
157500, 0.05, 0.03, 0.02
157601, 0.05, 0.02, 0.03
157703, 0.05, 0.04, 0.01
157805, 0.07, 0.02, 0.05
157906, 0.05, 0.04, 0.01
158008, 0.06, 0.03, 0.02
158110, 0.06, 0.03, 0.02
158212, 0.05, 0.03, 0.02
158313, 0.06, 0.03, 0.03
158415, 0.05, 0.04, 0.01
158517, 0.05, 0.01, 0.04
158618, 0.05, 0.03, 0.02
158721, 0.05, 0.03, 0.02
158822, 0.05, 0.02, 0.03
158923, 0.07, 0.03, 0.04
159026, 0.05, 0.05, 0.00
159127, 0.05, 0.03, 0.02
159228, 0.05, 0.04, 0.01
159331, 0.05, 0.02, 0.03
159432, 0.06, 0.02, 0.04
159534, 0.05, 0.02, 0.03
159636, 0.05, 0.02, 0.03
159737, 0.06, 0.03, 0.03
159839, 0.05, 0.03, 0.02
159941, 0.05, 0.03, 0.02
160043, 0.06, 0.03, 0.02
160144, 0.06, 0.04, 0.02
160246, 0.05, 0.03, 0.02
160348, 0.04, 0.02, 0.02
160449, 0.04, 0.03, 0.01
160551, 0.06, 0.03, 0.03
160653, 0.05, 0.03, 0.02
160754, 0.05, 0.03, 0.02
160857, 0.05, 0.02, 0.03
160958, 0.05, 0.04, 0.01
161059, 0.05, 0.03, 0.02
161162, 0.06, 0.05, 0.01
161263, 0.05, 0.03, 0.02
161364, 0.06, 0.03, 0.03
161467, 0.06, 0.03, 0.02
161568, 0.05, 0.03, 0.02
161670, 0.06, 0.01, 0.04
161772, 0.06, 0.03, 0.03
161873, 0.05, 0.03, 0.02
161975, 0.06, 0.03, 0.03
162076, 0.06, 0.04, 0.02
162179, 0.05, 0.02, 0.03
162280, 0.07, 0.04, 0.02
162381, 0.05, 0.03, 0.02
162484, 0.05, 0.03, 0.02
162585, 0.06, 0.03, 0.03
162686, 0.05, 0.03, 0.02
162789, 0.05, 0.03, 0.02
162890, 0.05, 0.03, 0.01
162992, 0.06, 0.01, 0.05
163094, 0.06, 0.03, 0.02
163195, 0.05, 0.03, 0.02
163297, 0.05, 0.03, 0.02
163399, 0.06, 0.04, 0.02
163501, 0.06, 0.03, 0.03
163602, 0.05, 0.02, 0.03
163704, 0.05, 0.02, 0.03
163806, 0.06, 0.04, 0.02
163907, 0.06, 0.02, 0.03
164009, 0.05, 0.03, 0.02
164111, 0.07, 0.04, 0.03
164212, 0.06, 0.03, 0.03
164315, 0.06, 0.03, 0.02
164416, 0.05, 0.02, 0.03
164517, 0.05, 0.04, 0.01
164620, 0.06, 0.04, 0.01
164721, 0.05, 0.02, 0.03
164823, 0.06, 0.02, 0.04
164925, 0.05, 0.02, 0.03
165026, 0.05, 0.02, 0.03
165128, 0.05, 0.03, 0.02
165230, 0.05, 0.03, 0.02
165331, 0.06, 0.02, 0.03
165433, 0.06, 0.04, 0.01
165535, 0.05, 0.03, 0.02
165637, 0.05, 0.02, 0.03
165738, 0.06, 0.02, 0.04
165840, 0.06, 0.03, 0.02
165942, 0.06, 0.03, 0.03
166043, 0.05, 0.03, 0.02
166146, 0.05, 0.02, 0.03
166247, 0.06, 0.02, 0.03
166348, 0.06, 0.03, 0.03
166451, 0.05, 0.04, 0.01
166552, 0.05, 0.03, 0.02
166653, 0.05, 0.03, 0.01
166756, 0.05, 0.04, 0.01
166857, 0.06, 0.03, 0.02
166959, 0.05, 0.02, 0.03
167061, 0.06, 0.02, 0.03
167162, 0.05, 0.02, 0.03
167264, 0.05, 0.03, 0.02
167366, 0.06, 0.03, 0.03
167468, 0.05, 0.03, 0.02
167569, 0.05, 0.03, 0.01
167671, 0.05, 0.02, 0.02
167773, 0.06, 0.03, 0.03
167874, 0.05, 0.03, 0.02
167976, 0.05, 0.02, 0.03
168078, 0.06, 0.03, 0.03
168179, 0.06, 0.03, 0.02
168282, 0.05, 0.02, 0.03
168383, 0.06, 0.04, 0.02
168484, 0.06, 0.03, 0.03
168587, 0.05, 0.03, 0.02
168688, 0.05, 0.04, 0.01
168790, 0.05, 0.03, 0.02
168892, 0.06, 0.04, 0.02
168993, 0.06, 0.04, 0.02
169095, 0.05, 0.02, 0.03
169197, 0.05, 0.03, 0.02
169298, 0.05, 0.02, 0.03
169400, 0.06, 0.02, 0.03
169501, 0.05, 0.03, 0.02
169604, 0.05, 0.04, 0.01
169705, 0.06, 0.03, 0.02
169806, 0.06, 0.05, 0.00
169909, 0.05, 0.03, 0.02
170010, 0.05, 0.03, 0.02
170112, 0.06, 0.04, 0.02
170214, 0.06, 0.02, 0.04
170315, 0.05, 0.04, 0.01
170417, 0.05, 0.02, 0.03
170519, 0.06, 0.02, 0.03
170620, 0.06, 0.03, 0.03
170722, 0.05, 0.04, 0.01
170824, 0.06, 0.05, 0.01
170926, 0.06, 0.03, 0.03
171027, 0.06, 0.03, 0.03
171129, 0.05, 0.04, 0.01
171231, 0.04, 0.03, 0.01
171332, 0.06, 0.04, 0.02
171435, 0.05, 0.01, 0.04
171536, 0.05, 0.03, 0.02
171637, 0.06, 0.03, 0.02
171740, 0.05, 0.03, 0.02
171841, 0.05, 0.03, 0.02
171942, 0.06, 0.03, 0.02
172045, 0.06, 0.02, 0.03
172146, 0.06, 0.02, 0.04
172248, 0.06, 0.03, 0.03
172350, 0.05, 0.04, 0.01
172451, 0.05, 0.01, 0.04
172553, 0.05, 0.03, 0.01
172655, 0.05, 0.02, 0.03
172756, 0.06, 0.04, 0.02
172858, 0.06, 0.04, 0.01
172960, 0.06, 0.03, 0.03
173062, 0.05, 0.05, 0.00
173163, 0.06, 0.02, 0.04
173265, 0.06, 0.03, 0.03
173367, 0.06, 0.03, 0.03
173468, 0.06, 0.03, 0.02
173571, 0.05, 0.02, 0.03
173672, 0.06, 0.03, 0.03
173773, 0.05, 0.03, 0.01
173876, 0.05, 0.03, 0.02
173977, 0.05, 0.03, 0.02
174078, 0.06, 0.05, 0.01
174181, 0.06, 0.03, 0.03
174282, 0.06, 0.03, 0.02
174384, 0.06, 0.03, 0.03
174486, 0.06, 0.03, 0.03
174587, 0.06, 0.04, 0.02
174689, 0.06, 0.03, 0.02
174791, 0.05, 0.01, 0.04
174893, 0.05, 0.03, 0.02
174994, 0.06, 0.04, 0.02
175096, 0.06, 0.03, 0.03
175198, 0.05, 0.04, 0.00
175299, 0.05, 0.03, 0.01
175401, 0.07, 0.03, 0.03
175503, 0.05, 0.01, 0.04
175604, 0.05, 0.04, 0.01
175707, 0.04, 0.04, 0.00
175808, 0.05, 0.02, 0.02
175909, 0.05, 0.02, 0.03
176012, 0.05, 0.04, 0.01
176113, 0.06, 0.03, 0.02
176215, 0.05, 0.03, 0.02
176316, 0.05, 0.03, 0.02
176418, 0.05, 0.04, 0.01
176520, 0.06, 0.02, 0.04
176621, 0.04, 0.03, 0.01
176723, 0.06, 0.03, 0.02
176825, 0.05, 0.03, 0.02
176926, 0.04, 0.04, 0.00
177029, 0.06, 0.03, 0.02
177130, 0.06, 0.04, 0.02
177231, 0.05, 0.03, 0.02
177334, 0.06, 0.05, 0.01
177435, 0.06, 0.04, 0.01
177537, 0.06, 0.04, 0.01
177639, 0.06, 0.03, 0.03
177740, 0.08, 0.03, 0.05
177842, 0.06, 0.02, 0.04
177944, 0.06, 0.03, 0.03
178045, 0.05, 0.02, 0.03
178147, 0.05, 0.03, 0.02
178249, 0.05, 0.04, 0.01
178351, 0.05, 0.03, 0.02
178452, 0.06, 0.03, 0.03
178554, 0.06, 0.04, 0.01
178656, 0.06, 0.03, 0.03
178757, 0.05, 0.03, 0.02
178860, 0.05, 0.02, 0.03
178961, 0.05, 0.03, 0.01
179062, 0.06, 0.03, 0.03
179165, 0.05, 0.04, 0.01
179266, 0.05, 0.02, 0.03
179367, 0.06, 0.05, 0.01
179470, 0.05, 0.04, 0.01
179571, 0.06, 0.03, 0.02
179673, 0.06, 0.05, 0.01
179775, 0.05, 0.02, 0.03
179876, 0.04, 0.03, 0.01
179978, 0.06, 0.02, 0.04
180080, 0.05, 0.02, 0.03
180182, 0.05, 0.03, 0.02
180283, 0.06, 0.03, 0.03
180385, 0.06, 0.04, 0.01
180487, 0.06, 0.04, 0.02
180588, 0.05, 0.04, 0.01
180690, 0.06, 0.03, 0.03
180792, 0.05, 0.03, 0.01
180893, 0.06, 0.03, 0.03
180996, 0.05, 0.02, 0.03
181097, 0.05, 0.03, 0.02
181198, 0.06, 0.02, 0.03
181301, 0.06, 0.03, 0.03
181402, 0.06, 0.05, 0.01
181504, 0.05, 0.02, 0.03
181606, 0.06, 0.03, 0.02
181707, 0.06, 0.04, 0.02
181809, 0.05, 0.04, 0.01
181911, 0.05, 0.03, 0.02
182012, 0.03, 0.03, 0.00
182114, 0.05, 0.03, 0.02
182216, 0.06, 0.03, 0.03
182318, 0.05, 0.02, 0.03
182419, 0.06, 0.03, 0.03
182521, 0.06, 0.04, 0.01
182623, 0.05, 0.03, 0.01
182724, 0.05, 0.02, 0.03
182827, 0.06, 0.04, 0.02
182928, 0.03, 0.04, -0.01
183029, 0.05, 0.04, 0.01
183132, 0.05, 0.02, 0.03
183233, 0.06, 0.03, 0.03
183334, 0.05, 0.02, 0.02
183437, 0.05, 0.03, 0.01
183538, 0.05, 0.02, 0.03
183640, 0.07, 0.03, 0.04
183742, 0.06, 0.03, 0.02
183843, 0.06, 0.05, 0.01
183945, 0.05, 0.03, 0.02
184047, 0.05, 0.04, 0.01
184148, 0.05, 0.03, 0.02
184250, 0.06, 0.03, 0.03
184352, 0.05, 0.02, 0.03
184454, 0.07, 0.02, 0.04
184555, 0.06, 0.03, 0.02
184657, 0.05, 0.02, 0.02
184759, 0.05, 0.03, 0.02
184860, 0.05, 0.04, 0.01
184962, 0.06, 0.05, 0.01
185064, 0.06, 0.03, 0.03
185165, 0.06, 0.04, 0.02
185267, 0.05, 0.03, 0.02
185369, 0.05, 0.04, 0.01
185470, 0.06, 0.02, 0.04
185572, 0.05, 0.03, 0.02
185674, 0.06, 0.03, 0.03
185776, 0.06, 0.04, 0.02
185877, 0.07, 0.05, 0.01
185979, 0.06, 0.03, 0.02
186081, 0.06, 0.03, 0.02
186182, 0.05, 0.02, 0.03
186285, 0.05, 0.02, 0.02
186386, 0.06, 0.03, 0.03
186487, 0.05, 0.02, 0.03
186590, 0.05, 0.03, 0.02
186691, 0.06, 0.03, 0.03
186792, 0.05, 0.03, 0.02
186895, 0.05, 0.02, 0.03
186996, 0.05, 0.04, 0.01
187098, 0.05, 0.04, 0.00
187200, 0.05, 0.03, 0.02
187301, 0.05, 0.03, 0.01
187403, 0.07, 0.02, 0.05
187505, 0.05, 0.03, 0.02
187607, 0.06, 0.03, 0.03
187708, 0.05, 0.02, 0.03
187810, 0.06, 0.02, 0.04
187912, 0.06, 0.03, 0.03
188013, 0.06, 0.03, 0.02
188115, 0.05, 0.02, 0.02
188217, 0.05, 0.04, 0.00
188318, 0.05, 0.04, 0.01
188421, 0.06, 0.03, 0.02
188522, 0.05, 0.02, 0.03
188623, 0.05, 0.04, 0.01
188726, 0.06, 0.02, 0.03
188827, 0.06, 0.03, 0.02
188929, 0.05, 0.02, 0.02
189031, 0.06, 0.03, 0.03
189132, 0.05, 0.04, 0.01
189234, 0.06, 0.03, 0.03
189336, 0.05, 0.03, 0.02
189437, 0.06, 0.04, 0.02
189539, 0.06, 0.03, 0.03
189641, 0.05, 0.03, 0.02
189743, 0.05, 0.04, 0.01
189844, 0.05, 0.02, 0.03
189946, 0.05, 0.04, 0.01
190048, 0.05, 0.03, 0.01
190149, 0.06, 0.03, 0.03
190252, 0.06, 0.03, 0.02
190353, 0.06, 0.05, 0.01
190454, 0.05, 0.04, 0.01
190557, 0.05, 0.03, 0.02
190658, 0.06, 0.03, 0.03
190759, 0.06, 0.03, 0.03
190862, 0.06, 0.02, 0.03
190963, 0.05, 0.02, 0.03
191065, 0.06, 0.04, 0.02
191167, 0.05, 0.03, 0.02
191268, 0.05, 0.02, 0.03
191370, 0.05, 0.04, 0.01
191472, 0.06, 0.03, 0.03
191574, 0.05, 0.04, 0.00
191675, 0.06, 0.03, 0.03
191777, 0.04, 0.03, 0.01
191879, 0.06, 0.03, 0.02
191980, 0.05, 0.04, 0.01
192082, 0.05, 0.01, 0.04
192184, 0.06, 0.03, 0.03
192285, 0.05, 0.03, 0.02
192387, 0.06, 0.04, 0.02
192489, 0.06, 0.03, 0.02
192590, 0.05, 0.03, 0.02
192692, 0.06, 0.04, 0.02
192794, 0.06, 0.03, 0.02
192896, 0.06, 0.01, 0.04
192997, 0.05, 0.04, 0.01
193099, 0.06, 0.03, 0.03
193201, 0.05, 0.02, 0.03
193302, 0.05, 0.03, 0.02
193404, 0.06, 0.04, 0.02
193506, 0.06, 0.03, 0.02
193607, 0.05, 0.03, 0.02
193710, 0.06, 0.03, 0.03
193811, 0.06, 0.03, 0.02
193912, 0.06, 0.02, 0.03
194015, 0.06, 0.03, 0.02
194116, 0.05, 0.03, 0.02
194217, 0.05, 0.02, 0.03
194320, 0.05, 0.03, 0.02
194421, 0.06, 0.03, 0.02
194523, 0.05, 0.03, 0.02
194625, 0.06, 0.03, 0.03
194726, 0.05, 0.04, 0.01
194828, 0.04, 0.04, 0.00
194930, 0.04, 0.03, 0.01
195032, 0.06, 0.03, 0.03
195133, 0.05, 0.04, 0.01
195235, 0.05, 0.03, 0.02
195337, 0.06, 0.02, 0.03
195438, 0.05, 0.03, 0.01
195540, 0.05, 0.04, 0.01
195642, 0.05, 0.03, 0.01
195743, 0.05, 0.03, 0.02
195846, 0.06, 0.03, 0.03
195947, 0.06, 0.05, 0.01
196048, 0.06, 0.04, 0.02
196151, 0.05, 0.02, 0.02
196252, 0.06, 0.04, 0.01
196354, 0.05, 0.03, 0.02
196456, 0.05, 0.02, 0.03
196557, 0.05, 0.02, 0.03
196659, 0.06, 0.02, 0.03
196761, 0.06, 0.04, 0.02
196862, 0.06, 0.04, 0.02
196964, 0.05, 0.04, 0.01
197066, 0.05, 0.05, 0.00
197168, 0.06, 0.04, 0.02
197269, 0.06, 0.03, 0.02
197371, 0.07, 0.03, 0.04
197473, 0.06, 0.04, 0.02
197574, 0.04, 0.02, 0.02
197677, 0.06, 0.01, 0.05
197778, 0.05, 0.03, 0.02
197879, 0.05, 0.03, 0.02
197982, 0.06, 0.03, 0.02
198083, 0.05, 0.03, 0.02
198184, 0.05, 0.03, 0.02
198287, 0.06, 0.03, 0.02
198388, 0.05, 0.02, 0.02
198490, 0.06, 0.02, 0.03
198592, 0.06, 0.04, 0.02
198693, 0.06, 0.03, 0.02
198795, 0.05, 0.03, 0.01
198897, 0.06, 0.03, 0.03
198999, 0.05, 0.03, 0.02
199100, 0.04, 0.02, 0.02
199202, 0.06, 0.05, 0.01
199304, 0.05, 0.05, 0.00
199405, 0.05, 0.03, 0.02
199507, 0.05, 0.04, 0.01
199609, 0.05, 0.03, 0.02
199710, 0.05, 0.02, 0.02
199813, 0.06, 0.02, 0.03
199914, 0.05, 0.02, 0.02
200015, 0.05, 0.03, 0.02
200117, 0.06, 0.03, 0.02
200219, 0.05, 0.03, 0.02
200321, 0.05, 0.05, 0.00
200422, 0.05, 0.04, 0.01
200524, 0.06, 0.02, 0.03
200626, 0.06, 0.02, 0.04
200727, 0.05, 0.02, 0.02
200829, 0.06, 0.03, 0.03
200931, 0.06, 0.03, 0.03
201032, 0.05, 0.03, 0.02
201135, 0.06, 0.04, 0.01
201236, 0.05, 0.04, 0.01
201337, 0.06, 0.03, 0.02
201440, 0.06, 0.04, 0.01
201541, 0.05, 0.04, 0.01
201643, 0.05, 0.03, 0.02
201745, 0.05, 0.03, 0.01
201846, 0.05, 0.02, 0.03
201948, 0.05, 0.03, 0.02
202050, 0.05, 0.03, 0.01
202151, 0.05, 0.03, 0.02
202253, 0.06, 0.03, 0.02
202355, 0.05, 0.03, 0.02
202457, 0.07, 0.02, 0.04
202558, 0.06, 0.05, 0.01
202660, 0.06, 0.04, 0.02
202762, 0.06, 0.04, 0.02
202863, 0.05, 0.06, -0.00
202966, 0.05, 0.03, 0.02
203067, 0.06, 0.03, 0.03
203168, 0.06, 0.04, 0.02
203271, 0.06, 0.02, 0.04
203372, 0.05, 0.02, 0.02
203473, 0.06, 0.09, -0.03
203576, 0.05, 0.04, 0.01
203677, 0.05, 0.04, 0.01
203779, 0.05, 0.03, 0.02
203881, 0.06, 0.04, 0.02
203982, 0.06, 0.02, 0.03
204084, 0.05, 0.02, 0.03
204186, 0.06, 0.04, 0.01
204288, 0.05, 0.01, 0.04
204389, 0.05, 0.03, 0.02
204491, 0.05, 0.03, 0.02
204593, 0.06, 0.03, 0.03
204694, 0.06, 0.03, 0.02
204796, 0.06, 0.03, 0.03
204898, 0.04, 0.05, -0.00
204999, 0.06, 0.04, 0.02
205102, 0.05, 0.02, 0.03
205203, 0.05, 0.04, 0.01
205304, 0.05, 0.03, 0.02
205407, 0.06, 0.02, 0.04
205508, 0.06, 0.03, 0.03
205609, 0.06, 0.04, 0.02
205712, 0.05, 0.02, 0.03
205813, 0.06, 0.04, 0.02
205915, 0.06, 0.04, 0.02
206017, 0.06, 0.03, 0.02
206118, 0.05, 0.04, 0.01
206220, 0.05, 0.04, 0.01
206322, 0.05, 0.01, 0.04
206424, 0.05, 0.04, 0.01
206525, 0.06, 0.01, 0.04
206627, 0.05, 0.03, 0.02
206729, 0.06, 0.04, 0.02
206830, 0.06, 0.02, 0.04
206931, 0.05, 0.03, 0.02
207034, 0.05, 0.03, 0.02
207135, 0.06, 0.03, 0.02
207237, 0.05, 0.02, 0.03
207339, 0.07, 0.02, 0.04
207440, 0.05, 0.03, 0.01
207542, 0.05, 0.03, 0.02
207644, 0.06, 0.01, 0.05
207746, 0.05, 0.03, 0.01
207847, 0.06, 0.04, 0.02
207949, 0.05, 0.03, 0.01
208051, 0.06, 0.03, 0.02
208152, 0.06, 0.04, 0.02
208254, 0.05, 0.04, 0.01
208356, 0.05, 0.03, 0.02
208457, 0.06, 0.05, 0.01
208560, 0.06, 0.02, 0.04
208661, 0.06, 0.02, 0.04
208762, 0.06, 0.02, 0.03
208865, 0.06, 0.03, 0.03
208966, 0.05, 0.04, 0.00
209068, 0.06, 0.03, 0.03
209170, 0.05, 0.04, 0.01
209271, 0.06, 0.04, 0.02
209373, 0.05, 0.03, 0.02
209475, 0.03, 0.03, 0.00
209576, 0.05, 0.04, 0.00
209678, 0.06, 0.03, 0.03
209780, 0.05, 0.03, 0.02
209882, 0.05, 0.02, 0.03
209983, 0.04, 0.03, 0.01
210085, 0.06, 0.03, 0.02
210187, 0.05, 0.04, 0.01
210288, 0.05, 0.03, 0.02
210391, 0.06, 0.04, 0.02
210492, 0.06, 0.05, 0.01
210593, 0.06, 0.04, 0.02
210696, 0.05, 0.02, 0.03
210797, 0.05, 0.02, 0.02
210898, 0.05, 0.03, 0.02
211001, 0.05, 0.04, 0.01
211102, 0.06, 0.02, 0.03
211204, 0.06, 0.01, 0.05
211306, 0.05, 0.04, 0.01
211407, 0.06, 0.04, 0.02
211509, 0.06, 0.04, 0.01
211611, 0.05, 0.03, 0.02
211713, 0.06, 0.02, 0.03
211814, 0.06, 0.03, 0.03
211916, 0.05, 0.03, 0.02
212018, 0.06, 0.03, 0.03
212119, 0.06, 0.02, 0.03
212220, 0.06, 0.03, 0.02
212323, 0.06, 0.05, 0.01
212424, 0.05, 0.03, 0.02
212526, 0.05, 0.05, 0.00
212628, 0.05, 0.03, 0.02
212729, 0.05, 0.03, 0.01
212831, 0.05, 0.04, 0.01
212933, 0.05, 0.03, 0.02
213035, 0.06, 0.02, 0.03
213136, 0.06, 0.04, 0.02
213238, 0.05, 0.02, 0.03
213340, 0.05, 0.03, 0.02
213441, 0.06, 0.04, 0.02
213543, 0.05, 0.02, 0.02
213645, 0.06, 0.03, 0.03
213746, 0.05, 0.03, 0.01
213849, 0.07, 0.02, 0.04
213950, 0.05, 0.03, 0.02
214051, 0.06, 0.02, 0.04
214154, 0.05, 0.03, 0.01
214255, 0.06, 0.03, 0.03
214356, 0.06, 0.03, 0.03
214459, 0.04, 0.03, 0.01
214560, 0.05, 0.03, 0.02
214662, 0.05, 0.04, 0.01
214764, 0.06, 0.02, 0.04
214865, 0.06, 0.05, 0.01
214967, 0.05, 0.03, 0.02
215069, 0.06, 0.04, 0.01
215171, 0.05, 0.04, 0.01
215272, 0.05, 0.03, 0.02
215374, 0.06, 0.03, 0.03
215476, 0.06, 0.02, 0.04
215577, 0.05, 0.04, 0.01
215680, 0.06, 0.02, 0.04
215781, 0.06, 0.03, 0.03
215882, 0.05, 0.03, 0.02
215985, 0.05, 0.04, 0.01
216086, 0.05, 0.03, 0.02
216187, 0.06, 0.03, 0.03
216290, 0.06, 0.02, 0.03
216391, 0.05, 0.02, 0.02
216493, 0.05, 0.03, 0.01
216595, 0.05, 0.02, 0.03
216696, 0.06, 0.03, 0.03
216798, 0.06, 0.03, 0.02
216900, 0.06, 0.02, 0.04
217001, 0.06, 0.04, 0.01
217103, 0.06, 0.03, 0.03
217205, 0.06, 0.03, 0.03
217307, 0.05, 0.04, 0.01
217408, 0.05, 0.02, 0.03
217510, 0.05, 0.03, 0.02
217612, 0.05, 0.04, 0.01
217713, 0.04, 0.02, 0.02
217816, 0.05, 0.03, 0.01
217917, 0.06, 0.04, 0.02
218018, 0.06, 0.03, 0.03
218121, 0.04, 0.03, 0.01
218222, 0.07, 0.03, 0.03
218323, 0.05, 0.04, 0.01
218426, 0.06, 0.03, 0.02
218527, 0.06, 0.04, 0.02
218629, 0.06, 0.02, 0.04
218731, 0.05, 0.03, 0.02
218832, 0.06, 0.02, 0.03
218934, 0.06, 0.03, 0.03
219036, 0.05, 0.03, 0.02
219138, 0.05, 0.03, 0.02
219239, 0.06, 0.04, 0.02
219341, 0.05, 0.03, 0.02
219443, 0.04, 0.04, 0.00
219544, 0.06, 0.04, 0.02
219645, 0.06, 0.04, 0.01
219748, 0.06, 0.02, 0.04
219849, 0.06, 0.04, 0.02
219951, 0.04, 0.02, 0.02
220053, 0.05, 0.02, 0.03
220154, 0.05, 0.03, 0.02
220256, 0.06, 0.03, 0.02
220358, 0.05, 0.03, 0.02
220460, 0.06, 0.04, 0.01
220561, 0.06, 0.04, 0.01
220663, 0.07, 0.03, 0.04
220765, 0.05, 0.03, 0.01
220866, 0.06, 0.03, 0.03
220968, 0.06, 0.03, 0.03
221070, 0.05, 0.01, 0.04
221171, 0.06, 0.03, 0.02
221274, 0.05, 0.03, 0.01
221375, 0.05, 0.01, 0.04
221476, 0.05, 0.03, 0.02
221579, 0.06, 0.05, 0.01
221680, 0.05, 0.03, 0.02
221782, 0.05, 0.02, 0.03
221884, 0.05, 0.04, 0.01
221985, 0.06, 0.02, 0.03
222087, 0.05, 0.03, 0.02
222189, 0.06, 0.02, 0.03
222290, 0.05, 0.03, 0.02
222392, 0.05, 0.03, 0.02
222494, 0.05, 0.03, 0.02
222596, 0.06, 0.03, 0.03
222697, 0.06, 0.04, 0.01
222799, 0.06, 0.05, 0.01
222901, 0.05, 0.03, 0.02
223002, 0.06, 0.03, 0.03
223105, 0.05, 0.03, 0.02
223206, 0.05, 0.03, 0.02
223307, 0.05, 0.01, 0.03
223410, 0.06, 0.03, 0.03
223511, 0.06, 0.03, 0.03
223612, 0.06, 0.04, 0.02
223715, 0.05, 0.04, 0.01
223816, 0.06, 0.04, 0.02
223918, 0.05, 0.04, 0.01
224020, 0.05, 0.04, 0.01
224121, 0.06, 0.03, 0.02
224223, 0.05, 0.04, 0.01
224325, 0.05, 0.03, 0.02
224427, 0.06, 0.01, 0.04
224528, 0.05, 0.03, 0.02
224630, 0.04, 0.02, 0.02
224732, 0.06, 0.02, 0.04
224833, 0.06, 0.04, 0.02
224935, 0.05, 0.03, 0.01
225037, 0.05, 0.03, 0.02
225138, 0.06, 0.04, 0.02
225241, 0.05, 0.02, 0.03
225342, 0.06, 0.03, 0.03
225443, 0.05, 0.05, 0.00
225546, 0.05, 0.03, 0.02
225647, 0.06, 0.03, 0.02
225748, 0.05, 0.03, 0.02
225851, 0.05, 0.06, -0.01
225952, 0.05, 0.04, 0.01
226054, 0.06, 0.05, 0.01
226156, 0.06, 0.04, 0.02
226257, 0.06, 0.03, 0.03
226359, 0.06, 0.04, 0.02
226461, 0.06, 0.03, 0.02
226563, 0.05, 0.04, 0.01
226664, 0.06, 0.03, 0.03
226766, 0.06, 0.03, 0.03
226868, 0.05, 0.04, 0.01
226969, 0.06, 0.04, 0.02
227072, 0.06, 0.02, 0.04
227173, 0.05, 0.03, 0.02
227274, 0.05, 0.05, 0.00
227377, 0.06, 0.03, 0.02
227478, 0.06, 0.04, 0.02
227579, 0.05, 0.03, 0.01
227682, 0.06, 0.03, 0.03
227783, 0.05, 0.03, 0.02
227885, 0.06, 0.02, 0.03
227987, 0.07, 0.04, 0.03
228088, 0.05, 0.02, 0.03
228190, 0.06, 0.02, 0.04
228292, 0.05, 0.04, 0.01
228393, 0.05, 0.04, 0.01
228495, 0.07, 0.04, 0.03
228596, 0.06, 0.03, 0.02
228699, 0.06, 0.03, 0.02
228800, 0.05, 0.02, 0.03
228901, 0.05, 0.02, 0.03
229004, 0.06, 0.04, 0.02
229105, 0.06, 0.03, 0.03
229207, 0.05, 0.03, 0.01
229309, 0.05, 0.04, 0.01
229410, 0.05, 0.04, 0.01
229512, 0.05, 0.04, 0.01
229614, 0.06, 0.03, 0.03
229715, 0.06, 0.03, 0.02
229817, 0.06, 0.03, 0.03
229919, 0.06, 0.02, 0.03
230021, 0.05, 0.03, 0.02
230122, 0.05, 0.02, 0.02
230224, 0.05, 0.03, 0.02
230326, 0.06, 0.04, 0.01
230427, 0.05, 0.04, 0.01
230530, 0.05, 0.03, 0.02
230631, 0.05, 0.04, 0.01
230732, 0.06, 0.04, 0.02
230835, 0.06, 0.04, 0.02
230936, 0.05, 0.03, 0.02
231037, 0.06, 0.03, 0.03
231140, 0.06, 0.01, 0.05
231241, 0.06, 0.04, 0.02
231343, 0.05, 0.04, 0.01
231445, 0.06, 0.03, 0.03
231546, 0.05, 0.04, 0.01
231648, 0.06, 0.04, 0.02
231750, 0.04, 0.03, 0.01
231852, 0.05, 0.03, 0.02
231953, 0.06, 0.03, 0.03
232055, 0.05, 0.03, 0.02
232157, 0.06, 0.02, 0.04
232258, 0.05, 0.04, 0.01
232360, 0.05, 0.02, 0.03
232462, 0.06, 0.03, 0.03
232563, 0.06, 0.04, 0.02
232666, 0.05, 0.02, 0.03
232767, 0.06, 0.02, 0.03
232868, 0.05, 0.05, 0.00
232971, 0.05, 0.04, 0.01
233072, 0.06, 0.03, 0.02
233174, 0.06, 0.03, 0.03
233276, 0.05, 0.04, 0.01
233377, 0.05, 0.02, 0.03
233479, 0.06, 0.04, 0.02
233581, 0.05, 0.03, 0.02
233682, 0.06, 0.02, 0.04
233784, 0.06, 0.03, 0.03
233886, 0.05, 0.03, 0.02
233988, 0.05, 0.04, 0.01
234089, 0.05, 0.03, 0.01
234191, 0.06, 0.03, 0.03
234293, 0.05, 0.03, 0.02
234394, 0.06, 0.03, 0.03
234497, 0.05, 0.03, 0.02
234598, 0.05, 0.03, 0.02
234699, 0.06, 0.02, 0.04
234802, 0.06, 0.05, 0.01
234903, 0.06, 0.03, 0.02
235004, 0.06, 0.04, 0.02
235107, 0.06, 0.04, 0.02
235208, 0.05, 0.04, 0.00
235310, 0.05, 0.02, 0.03
235411, 0.05, 0.05, 0.00
235513, 0.06, 0.03, 0.03
235615, 0.05, 0.03, 0.02
235716, 0.06, 0.02, 0.04
235819, 0.06, 0.03, 0.03
235920, 0.05, 0.04, 0.01
236021, 0.06, 0.03, 0.03
236124, 0.06, 0.03, 0.02
236225, 0.05, 0.03, 0.02
236326, 0.06, 0.05, 0.01
236429, 0.06, 0.03, 0.03
236530, 0.05, 0.03, 0.02
236632, 0.05, 0.03, 0.02
236734, 0.06, 0.03, 0.03
236835, 0.06, 0.02, 0.04
236937, 0.05, 0.03, 0.02
237039, 0.07, 0.03, 0.04
237140, 0.06, 0.03, 0.02
237242, 0.06, 0.03, 0.03
237344, 0.06, 0.03, 0.02
237446, 0.06, 0.03, 0.02
237547, 0.05, 0.03, 0.02
237649, 0.06, 0.04, 0.02
237751, 0.05, 0.03, 0.02
237852, 0.05, 0.02, 0.03
237955, 0.06, 0.02, 0.03
238056, 0.05, 0.02, 0.03
238157, 0.06, 0.03, 0.03
238260, 0.05, 0.04, 0.01
238361, 0.05, 0.02, 0.03
238462, 0.06, 0.05, 0.01
238565, 0.06, 0.04, 0.01
238666, 0.05, 0.05, 0.00
238768, 0.05, 0.02, 0.03
238870, 0.06, 0.04, 0.02
238971, 0.05, 0.03, 0.02
239073, 0.07, 0.02, 0.04
239175, 0.06, 0.04, 0.02
239277, 0.07, 0.05, 0.02
239378, 0.06, 0.05, 0.01
239480, 0.08, 0.04, 0.04
239582, 0.07, 0.04, 0.02
239683, 0.06, 0.04, 0.02
239785, 0.07, 0.03, 0.03
239887, 0.06, 0.03, 0.03
239988, 0.07, 0.05, 0.02
240091, 0.07, 0.04, 0.03
240192, 0.06, 0.02, 0.04
240293, 0.14, 0.13, 0.01
240396, 0.14, 0.13, 0.00
240497, 0.14, 0.15, -0.01
240599, 0.15, 0.15, 0.00
240701, 0.15, 0.15, 0.00
240802, 0.16, 0.16, 0.00
240904, 0.14, 0.14, 0.00
241006, 0.15, 0.14, 0.01
241107, 0.15, 0.15, -0.00
241209, 0.15, 0.14, 0.01
